10
#Cost for establishing sourceNodes and maximum limit of nodes
0 20 4
1 5 3
2 11 2
3 19 3
4 22 3
5 16 3
6 3 1
7 2 2
8 18 3
9 9 3

#Distance and cable cost for each pair of nodes
0 0 0 0
0 1 308 215
0 2 118 82
0 3 90 62
0 4 445 311
0 5 483 338
0 6 235 164
0 7 374 261
0 8 82 57
0 9 184 128
1 0 308 215
1 1 0 0
1 2 190 133
1 3 218 152
1 4 137 95
1 5 175 122
1 6 73 51
1 7 66 46
1 8 390 273
1 9 124 86
2 0 118 82
2 1 190 133
2 2 0 0
2 3 28 19
2 4 327 228
2 5 365 255
2 6 117 81
2 7 256 179
2 8 200 140
2 9 66 46
3 0 90 62
3 1 218 152
3 2 28 19
3 3 0 0
3 4 355 248
3 5 393 275
3 6 145 101
3 7 284 198
3 8 172 120
3 9 94 65
4 0 445 311
4 1 137 95
4 2 327 228
4 3 355 248
4 4 0 0
4 5 38 26
4 6 210 147
4 7 71 49
4 8 527 368
4 9 261 182
5 0 483 338
5 1 175 122
5 2 365 255
5 3 393 275
5 4 38 26
5 5 0 0
5 6 248 173
5 7 109 76
5 8 565 395
5 9 299 209
6 0 235 164
6 1 73 51
6 2 117 81
6 3 145 101
6 4 210 147
6 5 248 173
6 6 0 0
6 7 139 97
6 8 317 221
6 9 51 35
7 0 374 261
7 1 66 46
7 2 256 179
7 3 284 198
7 4 71 49
7 5 109 76
7 6 139 97
7 7 0 0
7 8 456 319
7 9 190 133
8 0 82 57
8 1 390 273
8 2 200 140
8 3 172 120
8 4 527 368
8 5 565 395
8 6 317 221
8 7 456 319
8 8 0 0
8 9 266 186
9 0 184 128
9 1 124 86
9 2 66 46
9 3 94 65
9 4 261 182
9 5 299 209
9 6 51 35
9 7 190 133
9 8 266 186
9 9 0 0
