10
#Cost for establishing sourceNodes and maximum limit of nodes
0 22 3
1 46 5
2 7 4
3 20 3
4 3 2
5 12 4
6 8 1
7 27 4
8 34 4
9 4 3

#Distance and cable cost for each pair of nodes
0 0 0 0
0 1 69 48
0 2 113 79
0 3 8 5
0 4 83 58
0 5 53 37
0 6 36 25
0 7 137 95
0 8 37 25
0 9 39 27
1 0 69 48
1 1 0 0
1 2 136 95
1 3 31 21
1 4 106 74
1 5 122 85
1 6 59 41
1 7 206 144
1 8 60 42
1 9 108 75
2 0 113 79
2 1 136 95
2 2 0 0
2 3 105 73
2 4 30 21
2 5 166 116
2 6 77 53
2 7 250 175
2 8 76 53
2 9 152 106
3 0 8 5
3 1 31 21
3 2 105 73
3 3 0 0
3 4 75 52
3 5 61 42
3 6 28 19
3 7 145 101
3 8 29 20
3 9 47 32
4 0 83 58
4 1 106 74
4 2 30 21
4 3 75 52
4 4 0 0
4 5 136 95
4 6 47 32
4 7 220 154
4 8 46 32
4 9 122 85
5 0 53 37
5 1 122 85
5 2 166 116
5 3 61 42
5 4 136 95
5 5 0 0
5 6 89 62
5 7 84 58
5 8 90 62
5 9 14 9
6 0 36 25
6 1 59 41
6 2 77 53
6 3 28 19
6 4 47 32
6 5 89 62
6 6 0 0
6 7 173 121
6 8 1 0
6 9 75 52
7 0 137 95
7 1 206 144
7 2 250 175
7 3 145 101
7 4 220 154
7 5 84 58
7 6 173 121
7 7 0 0
7 8 174 121
7 9 98 68
8 0 37 25
8 1 60 42
8 2 76 53
8 3 29 20
8 4 46 32
8 5 90 62
8 6 1 0
8 7 174 121
8 8 0 0
8 9 76 53
9 0 39 27
9 1 108 75
9 2 152 106
9 3 47 32
9 4 122 85
9 5 14 9
9 6 75 52
9 7 98 68
9 8 76 53
9 9 0 0
