10
#Cost for establishing sourceNodes and maximum limit of nodes
0 17 2
1 1 2
2 23 4
3 20 4
4 3 1
5 13 2
6 43 5
7 10 3
8 2 4
9 4 1

#Distance and cable cost for each pair of nodes
0 0 0 0
0 1 36 25
0 2 18 12
0 3 210 147
0 4 287 200
0 5 19 13
0 6 11 7
0 7 58 40
0 8 15 10
0 9 148 103
1 0 36 25
1 1 0 0
1 2 54 37
1 3 174 121
1 4 251 175
1 5 17 11
1 6 47 32
1 7 22 15
1 8 51 35
1 9 112 78
2 0 18 12
2 1 54 37
2 2 0 0
2 3 228 159
2 4 305 213
2 5 37 25
2 6 7 4
2 7 76 53
2 8 3 2
2 9 166 116
3 0 210 147
3 1 174 121
3 2 228 159
3 3 0 0
3 4 77 53
3 5 191 133
3 6 221 154
3 7 152 106
3 8 225 157
3 9 62 43
4 0 287 200
4 1 251 175
4 2 305 213
4 3 77 53
4 4 0 0
4 5 268 187
4 6 298 208
4 7 229 160
4 8 302 211
4 9 139 97
5 0 19 13
5 1 17 11
5 2 37 25
5 3 191 133
5 4 268 187
5 5 0 0
5 6 30 21
5 7 39 27
5 8 34 23
5 9 129 90
6 0 11 7
6 1 47 32
6 2 7 4
6 3 221 154
6 4 298 208
6 5 30 21
6 6 0 0
6 7 69 48
6 8 4 2
6 9 159 111
7 0 58 40
7 1 22 15
7 2 76 53
7 3 152 106
7 4 229 160
7 5 39 27
7 6 69 48
7 7 0 0
7 8 73 51
7 9 90 62
8 0 15 10
8 1 51 35
8 2 3 2
8 3 225 157
8 4 302 211
8 5 34 23
8 6 4 2
8 7 73 51
8 8 0 0
8 9 163 114
9 0 148 103
9 1 112 78
9 2 166 116
9 3 62 43
9 4 139 97
9 5 129 90
9 6 159 111
9 7 90 62
9 8 163 114
9 9 0 0
