10
#Cost for establishing sourceNodes and maximum limit of nodes
0 22 3
1 46 5
2 7 4
3 20 3
4 3 2
5 12 4
6 8 1
7 27 4
8 34 4
9 4 3

#Distance and cable cost for each pair of nodes
0 0 0 0
0 1 86 60
0 2 299 209
0 3 108 75
0 4 275 192
0 5 59 41
0 6 154 107
0 7 107 74
0 8 226 158
0 9 7 4
1 0 86 60
1 1 0 0
1 2 213 149
1 3 22 15
1 4 189 132
1 5 145 101
1 6 68 47
1 7 193 135
1 8 140 98
1 9 93 65
2 0 299 209
2 1 213 149
2 2 0 0
2 3 191 133
2 4 24 16
2 5 358 250
2 6 145 101
2 7 406 284
2 8 73 51
2 9 306 214
3 0 108 75
3 1 22 15
3 2 191 133
3 3 0 0
3 4 167 116
3 5 167 116
3 6 46 32
3 7 215 150
3 8 118 82
3 9 115 80
4 0 275 192
4 1 189 132
4 2 24 16
4 3 167 116
4 4 0 0
4 5 334 233
4 6 121 84
4 7 382 267
4 8 49 34
4 9 282 197
5 0 59 41
5 1 145 101
5 2 358 250
5 3 167 116
5 4 334 233
5 5 0 0
5 6 213 149
5 7 48 33
5 8 285 199
5 9 52 36
6 0 154 107
6 1 68 47
6 2 145 101
6 3 46 32
6 4 121 84
6 5 213 149
6 6 0 0
6 7 261 182
6 8 72 50
6 9 161 112
7 0 107 74
7 1 193 135
7 2 406 284
7 3 215 150
7 4 382 267
7 5 48 33
7 6 261 182
7 7 0 0
7 8 333 233
7 9 100 70
8 0 226 158
8 1 140 98
8 2 73 51
8 3 118 82
8 4 49 34
8 5 285 199
8 6 72 50
8 7 333 233
8 8 0 0
8 9 233 163
9 0 7 4
9 1 93 65
9 2 306 214
9 3 115 80
9 4 282 197
9 5 52 36
9 6 161 112
9 7 100 70
9 8 233 163
9 9 0 0
