10
#Cost for establishing sourceNodes and maximum limit of nodes
0 20 4
1 5 3
2 11 2
3 19 3
4 22 3
5 16 3
6 3 1
7 2 2
8 18 3
9 9 3

#Distance and cable cost for each pair of nodes
0 0 0 0
0 1 255 178
0 2 94 65
0 3 70 49
0 4 374 261
0 5 419 293
0 6 196 137
0 7 351 245
0 8 17 11
0 9 172 120
1 0 255 178
1 1 0 0
1 2 161 112
1 3 185 129
1 4 119 83
1 5 164 114
1 6 59 41
1 7 96 67
1 8 272 190
1 9 83 58
2 0 94 65
2 1 161 112
2 2 0 0
2 3 24 16
2 4 280 196
2 5 325 227
2 6 102 71
2 7 257 179
2 8 111 77
2 9 78 54
3 0 70 49
3 1 185 129
3 2 24 16
3 3 0 0
3 4 304 212
3 5 349 244
3 6 126 88
3 7 281 196
3 8 87 60
3 9 102 71
4 0 374 261
4 1 119 83
4 2 280 196
4 3 304 212
4 4 0 0
4 5 45 31
4 6 178 124
4 7 23 16
4 8 391 273
4 9 202 141
5 0 419 293
5 1 164 114
5 2 325 227
5 3 349 244
5 4 45 31
5 5 0 0
5 6 223 156
5 7 68 47
5 8 436 305
5 9 247 172
6 0 196 137
6 1 59 41
6 2 102 71
6 3 126 88
6 4 178 124
6 5 223 156
6 6 0 0
6 7 155 108
6 8 213 149
6 9 24 16
7 0 351 245
7 1 96 67
7 2 257 179
7 3 281 196
7 4 23 16
7 5 68 47
7 6 155 108
7 7 0 0
7 8 368 257
7 9 179 125
8 0 17 11
8 1 272 190
8 2 111 77
8 3 87 60
8 4 391 273
8 5 436 305
8 6 213 149
8 7 368 257
8 8 0 0
8 9 189 132
9 0 172 120
9 1 83 58
9 2 78 54
9 3 102 71
9 4 202 141
9 5 247 172
9 6 24 16
9 7 179 125
9 8 189 132
9 9 0 0
