20
#Cost for establishing sourceNodes and maximum limit of nodes
0 14 3
1 26 10
2 6 8
3 16 8
4 51 7
5 6 2
6 86 10
7 32 10
8 31 6
9 20 5
10 44 6
11 55 6
12 24 9
13 6 5
14 29 4
15 32 7
16 52 8
17 0 1
18 61 9
19 57 7

#Distance and cable cost for each pair of nodes
0 0 0 0
0 1 180 125
0 2 188 131
0 3 83 58
0 4 73 51
0 5 55 38
0 6 70 49
0 7 293 205
0 8 298 208
0 9 371 259
0 10 128 89
0 11 357 249
0 12 209 146
0 13 89 62
0 14 281 196
0 15 140 98
0 16 193 135
0 17 293 205
0 18 222 155
0 19 136 95
1 0 180 125
1 1 0 0
1 2 8 5
1 3 263 184
1 4 253 177
1 5 125 87
1 6 165 115
1 7 295 206
1 8 300 210
1 9 373 261
1 10 130 91
1 11 359 251
1 12 211 147
1 13 91 63
1 14 283 198
1 15 210 147
1 16 195 136
1 17 295 206
1 18 42 29
1 19 138 96
2 0 188 131
2 1 8 5
2 2 0 0
2 3 271 189
2 4 261 182
2 5 133 93
2 6 75 52
2 7 303 212
2 8 308 215
2 9 381 266
2 10 138 96
2 11 367 256
2 12 219 153
2 13 99 69
2 14 291 203
2 15 218 152
2 16 203 142
2 17 303 212
2 18 34 23
2 19 146 102
3 0 83 58
3 1 263 184
3 2 271 189
3 3 0 0
3 4 10 7
3 5 138 96
3 6 153 107
3 7 32 22
3 8 254 177
3 9 327 228
3 10 84 58
3 11 56 39
3 12 165 115
3 13 172 120
3 14 237 165
3 15 223 156
3 16 149 104
3 17 249 174
3 18 305 213
3 19 92 64
4 0 73 51
4 1 253 177
4 2 261 182
4 3 10 7
4 4 0 0
4 5 128 89
4 6 143 100
4 7 239 167
4 8 244 170
4 9 317 221
4 10 74 51
4 11 303 212
4 12 155 108
4 13 162 113
4 14 227 158
4 15 213 149
4 16 139 97
4 17 239 167
4 18 295 206
4 19 82 57
5 0 55 38
5 1 125 87
5 2 133 93
5 3 138 96
5 4 128 89
5 5 0 0
5 6 40 28
5 7 238 166
5 8 243 170
5 9 316 221
5 10 73 51
5 11 302 211
5 12 154 107
5 13 34 23
5 14 226 158
5 15 85 59
5 16 138 96
5 17 238 166
5 18 167 116
5 19 81 56
6 0 70 49
6 1 165 115
6 2 75 52
6 3 153 107
6 4 143 100
6 5 40 28
6 6 0 0
6 7 278 194
6 8 283 198
6 9 356 249
6 10 113 79
6 11 342 239
6 12 194 135
6 13 74 51
6 14 266 186
6 15 125 87
6 16 178 124
6 17 278 194
6 18 109 76
6 19 121 84
7 0 293 205
7 1 295 206
7 2 303 212
7 3 32 22
7 4 239 167
7 5 238 166
7 6 278 194
7 7 0 0
7 8 29 20
7 9 102 71
7 10 165 115
7 11 87 60
7 12 51 35
7 13 204 142
7 14 12 8
7 15 323 226
7 16 100 70
7 17 24 16
7 18 337 235
7 19 157 109
8 0 298 208
8 1 300 210
8 2 308 215
8 3 254 177
8 4 244 170
8 5 243 170
8 6 283 198
8 7 29 20
8 8 0 0
8 9 80 56
8 10 170 118
8 11 59 41
8 12 121 84
8 13 209 146
8 14 17 11
8 15 328 229
8 16 105 73
8 17 5 3
8 18 342 239
8 19 162 113
9 0 371 259
9 1 373 261
9 2 381 266
9 3 327 228
9 4 317 221
9 5 316 221
9 6 356 249
9 7 102 71
9 8 80 56
9 9 0 0
9 10 243 170
9 11 139 97
9 12 194 135
9 13 282 197
9 14 90 62
9 15 401 280
9 16 178 124
9 17 75 52
9 18 415 290
9 19 235 164
10 0 128 89
10 1 130 91
10 2 138 96
10 3 84 58
10 4 74 51
10 5 73 51
10 6 113 79
10 7 165 115
10 8 170 118
10 9 243 170
10 10 0 0
10 11 229 160
10 12 81 56
10 13 39 27
10 14 153 107
10 15 158 110
10 16 65 45
10 17 165 115
10 18 172 120
10 19 8 5
11 0 357 249
11 1 359 251
11 2 367 256
11 3 56 39
11 4 303 212
11 5 302 211
11 6 342 239
11 7 87 60
11 8 59 41
11 9 139 97
11 10 229 160
11 11 0 0
11 12 180 125
11 13 268 187
11 14 76 53
11 15 387 270
11 16 164 114
11 17 64 44
11 18 401 280
11 19 221 154
12 0 209 146
12 1 211 147
12 2 219 153
12 3 165 115
12 4 155 108
12 5 154 107
12 6 194 135
12 7 51 35
12 8 121 84
12 9 194 135
12 10 81 56
12 11 180 125
12 12 0 0
12 13 120 84
12 14 104 72
12 15 239 167
12 16 16 11
12 17 116 81
12 18 66 46
12 19 73 51
13 0 89 62
13 1 91 63
13 2 99 69
13 3 172 120
13 4 162 113
13 5 34 23
13 6 74 51
13 7 204 142
13 8 209 146
13 9 282 197
13 10 39 27
13 11 268 187
13 12 120 84
13 13 0 0
13 14 192 134
13 15 119 83
13 16 104 72
13 17 204 142
13 18 133 93
13 19 47 32
14 0 281 196
14 1 283 198
14 2 291 203
14 3 237 165
14 4 227 158
14 5 226 158
14 6 266 186
14 7 12 8
14 8 17 11
14 9 90 62
14 10 153 107
14 11 76 53
14 12 104 72
14 13 192 134
14 14 0 0
14 15 311 217
14 16 88 61
14 17 12 8
14 18 325 227
14 19 145 101
15 0 140 98
15 1 210 147
15 2 218 152
15 3 223 156
15 4 213 149
15 5 85 59
15 6 125 87
15 7 323 226
15 8 328 229
15 9 401 280
15 10 158 110
15 11 387 270
15 12 239 167
15 13 119 83
15 14 311 217
15 15 0 0
15 16 223 156
15 17 323 226
15 18 252 176
15 19 166 116
16 0 193 135
16 1 195 136
16 2 203 142
16 3 149 104
16 4 139 97
16 5 138 96
16 6 178 124
16 7 100 70
16 8 105 73
16 9 178 124
16 10 65 45
16 11 164 114
16 12 16 11
16 13 104 72
16 14 88 61
16 15 223 156
16 16 0 0
16 17 100 70
16 18 237 165
16 19 57 39
17 0 293 205
17 1 295 206
17 2 303 212
17 3 249 174
17 4 239 167
17 5 238 166
17 6 278 194
17 7 24 16
17 8 5 3
17 9 75 52
17 10 165 115
17 11 64 44
17 12 116 81
17 13 204 142
17 14 12 8
17 15 323 226
17 16 100 70
17 17 0 0
17 18 337 235
17 19 157 109
18 0 222 155
18 1 42 29
18 2 34 23
18 3 305 213
18 4 295 206
18 5 167 116
18 6 109 76
18 7 337 235
18 8 342 239
18 9 415 290
18 10 172 120
18 11 401 280
18 12 66 46
18 13 133 93
18 14 325 227
18 15 252 176
18 16 237 165
18 17 337 235
18 18 0 0
18 19 180 125
19 0 136 95
19 1 138 96
19 2 146 102
19 3 92 64
19 4 82 57
19 5 81 56
19 6 121 84
19 7 157 109
19 8 162 113
19 9 235 164
19 10 8 5
19 11 221 154
19 12 73 51
19 13 47 32
19 14 145 101
19 15 166 116
19 16 57 39
19 17 157 109
19 18 180 125
19 19 0 0
