20
#Cost for establishing sourceNodes and maximum limit of nodes
0 72 8
1 92 10
2 6 2
3 25 4
4 14 5
5 68 7
6 2 1
7 71 10
8 2 2
9 4 6
10 4 1
11 72 8
12 31 6
13 15 7
14 68 9
15 21 6
16 1 10
17 24 9
18 1 1
19 28 10

#Distance and cable cost for each pair of nodes
0 0 0 0
0 1 77 53
0 2 427 298
0 3 47 32
0 4 6 4
0 5 159 111
0 6 65 45
0 7 77 53
0 8 183 128
0 9 468 327
0 10 424 296
0 11 118 82
0 12 127 88
0 13 93 65
0 14 360 251
0 15 391 273
0 16 539 377
0 17 304 212
0 18 209 146
0 19 45 31
1 0 77 53
1 1 0 0
1 2 504 352
1 3 124 86
1 4 71 49
1 5 236 165
1 6 142 99
1 7 154 107
1 8 260 182
1 9 545 381
1 10 501 350
1 11 195 136
1 12 204 142
1 13 16 11
1 14 437 305
1 15 468 327
1 16 616 431
1 17 381 266
1 18 286 200
1 19 122 85
2 0 427 298
2 1 504 352
2 2 0 0
2 3 380 266
2 4 433 303
2 5 40 28
2 6 362 253
2 7 350 244
2 8 134 93
2 9 143 100
2 10 99 69
2 11 391 273
2 12 300 210
2 13 520 364
2 14 67 46
2 15 36 25
2 16 75 52
2 17 123 86
2 18 218 152
2 19 382 267
3 0 47 32
3 1 124 86
3 2 380 266
3 3 0 0
3 4 53 37
3 5 112 78
3 6 18 12
3 7 30 21
3 8 136 95
3 9 421 294
3 10 377 263
3 11 71 49
3 12 80 56
3 13 140 98
3 14 313 219
3 15 344 240
3 16 492 344
3 17 257 179
3 18 162 113
3 19 2 1
4 0 6 4
4 1 71 49
4 2 433 303
4 3 53 37
4 4 0 0
4 5 165 115
4 6 71 49
4 7 83 58
4 8 189 132
4 9 474 331
4 10 430 301
4 11 124 86
4 12 133 93
4 13 87 60
4 14 366 256
4 15 397 277
4 16 545 381
4 17 310 217
4 18 215 150
4 19 51 35
5 0 159 111
5 1 236 165
5 2 40 28
5 3 112 78
5 4 165 115
5 5 0 0
5 6 94 65
5 7 390 273
5 8 174 121
5 9 183 128
5 10 139 97
5 11 431 301
5 12 340 237
5 13 252 176
5 14 107 74
5 15 76 53
5 16 115 80
5 17 163 114
5 18 258 180
5 19 114 79
6 0 65 45
6 1 142 99
6 2 362 253
6 3 18 12
6 4 71 49
6 5 94 65
6 6 0 0
6 7 12 8
6 8 118 82
6 9 403 282
6 10 359 251
6 11 53 37
6 12 62 43
6 13 158 110
6 14 295 206
6 15 326 228
6 16 474 331
6 17 239 167
6 18 144 100
6 19 20 14
7 0 77 53
7 1 154 107
7 2 350 244
7 3 30 21
7 4 83 58
7 5 390 273
7 6 12 8
7 7 0 0
7 8 106 74
7 9 391 273
7 10 347 242
7 11 41 28
7 12 50 35
7 13 170 118
7 14 283 198
7 15 314 219
7 16 462 323
7 17 227 158
7 18 132 92
7 19 32 22
8 0 183 128
8 1 260 182
8 2 134 93
8 3 136 95
8 4 189 132
8 5 174 121
8 6 118 82
8 7 106 74
8 8 0 0
8 9 175 122
8 10 131 91
8 11 65 45
8 12 156 109
8 13 276 193
8 14 67 46
8 15 98 68
8 16 246 172
8 17 333 233
8 18 238 166
8 19 138 96
9 0 468 327
9 1 545 381
9 2 143 100
9 3 421 294
9 4 474 331
9 5 183 128
9 6 403 282
9 7 391 273
9 8 175 122
9 9 0 0
9 10 44 30
9 11 432 302
9 12 341 238
9 13 561 392
9 14 108 75
9 15 77 53
9 16 71 49
9 17 164 114
9 18 259 181
9 19 423 296
10 0 424 296
10 1 501 350
10 2 99 69
10 3 377 263
10 4 430 301
10 5 139 97
10 6 359 251
10 7 347 242
10 8 131 91
10 9 44 30
10 10 0 0
10 11 388 271
10 12 297 207
10 13 517 361
10 14 64 44
10 15 33 23
10 16 115 80
10 17 120 84
10 18 215 150
10 19 379 265
11 0 118 82
11 1 195 136
11 2 391 273
11 3 71 49
11 4 124 86
11 5 431 301
11 6 53 37
11 7 41 28
11 8 65 45
11 9 432 302
11 10 388 271
11 11 0 0
11 12 91 63
11 13 211 147
11 14 324 226
11 15 355 248
11 16 503 352
11 17 268 187
11 18 173 121
11 19 73 51
12 0 127 88
12 1 204 142
12 2 300 210
12 3 80 56
12 4 133 93
12 5 340 237
12 6 62 43
12 7 50 35
12 8 156 109
12 9 341 238
12 10 297 207
12 11 91 63
12 12 0 0
12 13 220 154
12 14 233 163
12 15 264 184
12 16 412 288
12 17 177 123
12 18 82 57
12 19 82 57
13 0 93 65
13 1 16 11
13 2 520 364
13 3 140 98
13 4 87 60
13 5 252 176
13 6 158 110
13 7 170 118
13 8 276 193
13 9 561 392
13 10 517 361
13 11 211 147
13 12 220 154
13 13 0 0
13 14 453 317
13 15 484 338
13 16 632 442
13 17 397 277
13 18 302 211
13 19 138 96
14 0 360 251
14 1 437 305
14 2 67 46
14 3 313 219
14 4 366 256
14 5 107 74
14 6 295 206
14 7 283 198
14 8 67 46
14 9 108 75
14 10 64 44
14 11 324 226
14 12 233 163
14 13 453 317
14 14 0 0
14 15 31 21
14 16 179 125
14 17 56 39
14 18 151 105
14 19 315 220
15 0 391 273
15 1 468 327
15 2 36 25
15 3 344 240
15 4 397 277
15 5 76 53
15 6 326 228
15 7 314 219
15 8 98 68
15 9 77 53
15 10 33 23
15 11 355 248
15 12 264 184
15 13 484 338
15 14 31 21
15 15 0 0
15 16 148 103
15 17 87 60
15 18 182 127
15 19 346 242
16 0 539 377
16 1 616 431
16 2 75 52
16 3 492 344
16 4 545 381
16 5 115 80
16 6 474 331
16 7 462 323
16 8 246 172
16 9 71 49
16 10 115 80
16 11 503 352
16 12 412 288
16 13 632 442
16 14 179 125
16 15 148 103
16 16 0 0
16 17 235 164
16 18 330 230
16 19 494 345
17 0 304 212
17 1 381 266
17 2 123 86
17 3 257 179
17 4 310 217
17 5 163 114
17 6 239 167
17 7 227 158
17 8 333 233
17 9 164 114
17 10 120 84
17 11 268 187
17 12 177 123
17 13 397 277
17 14 56 39
17 15 87 60
17 16 235 164
17 17 0 0
17 18 95 66
17 19 259 181
18 0 209 146
18 1 286 200
18 2 218 152
18 3 162 113
18 4 215 150
18 5 258 180
18 6 144 100
18 7 132 92
18 8 238 166
18 9 259 181
18 10 215 150
18 11 173 121
18 12 82 57
18 13 302 211
18 14 151 105
18 15 182 127
18 16 330 230
18 17 95 66
18 18 0 0
18 19 164 114
19 0 45 31
19 1 122 85
19 2 382 267
19 3 2 1
19 4 51 35
19 5 114 79
19 6 20 14
19 7 32 22
19 8 138 96
19 9 423 296
19 10 379 265
19 11 73 51
19 12 82 57
19 13 138 96
19 14 315 220
19 15 346 242
19 16 494 345
19 17 259 181
19 18 164 114
19 19 0 0
