20
#Cost for establishing sourceNodes and maximum limit of nodes
0 72 8
1 92 10
2 6 2
3 25 4
4 14 5
5 68 7
6 2 1
7 71 10
8 2 2
9 4 6
10 4 1
11 72 8
12 31 6
13 15 7
14 68 9
15 21 6
16 1 10
17 24 9
18 1 1
19 28 10

#Distance and cable cost for each pair of nodes
0 0 0 0
0 1 141 98
0 2 191 133
0 3 170 118
0 4 49 34
0 5 181 126
0 6 176 123
0 7 413 289
0 8 564 394
0 9 738 516
0 10 725 507
0 11 470 329
0 12 397 277
0 13 462 323
0 14 607 424
0 15 700 489
0 16 749 524
0 17 237 165
0 18 323 226
0 19 92 64
1 0 141 98
1 1 0 0
1 2 332 232
1 3 311 217
1 4 92 64
1 5 322 225
1 6 317 221
1 7 554 387
1 8 705 493
1 9 879 615
1 10 866 606
1 11 611 427
1 12 538 376
1 13 72 50
1 14 748 523
1 15 841 588
1 16 890 623
1 17 378 264
1 18 464 324
1 19 233 163
2 0 191 133
2 1 332 232
2 2 0 0
2 3 21 14
2 4 240 168
2 5 10 7
2 6 15 10
2 7 334 233
2 8 183 128
2 9 9 6
2 10 22 15
2 11 277 193
2 12 350 244
2 13 383 268
2 14 140 98
2 15 47 32
2 16 40 28
2 17 510 357
2 18 424 296
2 19 99 69
3 0 170 118
3 1 311 217
3 2 21 14
3 3 0 0
3 4 219 153
3 5 11 7
3 6 6 4
3 7 243 170
3 8 394 275
3 9 568 397
3 10 555 388
3 11 300 210
3 12 227 158
3 13 292 204
3 14 437 305
3 15 530 371
3 16 579 405
3 17 67 46
3 18 153 107
3 19 78 54
4 0 49 34
4 1 92 64
4 2 240 168
4 3 219 153
4 4 0 0
4 5 230 161
4 6 225 157
4 7 462 323
4 8 613 429
4 9 787 550
4 10 774 541
4 11 519 363
4 12 446 312
4 13 511 357
4 14 656 459
4 15 749 524
4 16 798 558
4 17 286 200
4 18 372 260
4 19 141 98
5 0 181 126
5 1 322 225
5 2 10 7
5 3 11 7
5 4 230 161
5 5 0 0
5 6 5 3
5 7 232 162
5 8 383 268
5 9 557 389
5 10 544 380
5 11 289 202
5 12 216 151
5 13 281 196
5 14 426 298
5 15 519 363
5 16 568 397
5 17 56 39
5 18 142 99
5 19 89 62
6 0 176 123
6 1 317 221
6 2 15 10
6 3 6 4
6 4 225 157
6 5 5 3
6 6 0 0
6 7 237 165
6 8 388 271
6 9 562 393
6 10 549 384
6 11 294 205
6 12 221 154
6 13 286 200
6 14 431 301
6 15 524 366
6 16 573 401
6 17 61 42
6 18 147 102
6 19 84 58
7 0 413 289
7 1 554 387
7 2 334 233
7 3 243 170
7 4 462 323
7 5 232 162
7 6 237 165
7 7 0 0
7 8 151 105
7 9 325 227
7 10 312 218
7 11 57 39
7 12 16 11
7 13 49 34
7 14 194 135
7 15 287 200
7 16 336 235
7 17 176 123
7 18 90 62
7 19 321 224
8 0 564 394
8 1 705 493
8 2 183 128
8 3 394 275
8 4 613 429
8 5 383 268
8 6 388 271
8 7 151 105
8 8 0 0
8 9 174 121
8 10 161 112
8 11 94 65
8 12 167 116
8 13 200 140
8 14 43 30
8 15 136 95
8 16 185 129
8 17 327 228
8 18 241 168
8 19 472 330
9 0 738 516
9 1 879 615
9 2 9 6
9 3 568 397
9 4 787 550
9 5 557 389
9 6 562 393
9 7 325 227
9 8 174 121
9 9 0 0
9 10 13 9
9 11 268 187
9 12 341 238
9 13 374 261
9 14 131 91
9 15 38 26
9 16 11 7
9 17 501 350
9 18 415 290
9 19 646 452
10 0 725 507
10 1 866 606
10 2 22 15
10 3 555 388
10 4 774 541
10 5 544 380
10 6 549 384
10 7 312 218
10 8 161 112
10 9 13 9
10 10 0 0
10 11 255 178
10 12 328 229
10 13 361 252
10 14 118 82
10 15 25 17
10 16 24 16
10 17 488 341
10 18 402 281
10 19 633 443
11 0 470 329
11 1 611 427
11 2 277 193
11 3 300 210
11 4 519 363
11 5 289 202
11 6 294 205
11 7 57 39
11 8 94 65
11 9 268 187
11 10 255 178
11 11 0 0
11 12 73 51
11 13 106 74
11 14 137 95
11 15 230 161
11 16 279 195
11 17 233 163
11 18 147 102
11 19 378 264
12 0 397 277
12 1 538 376
12 2 350 244
12 3 227 158
12 4 446 312
12 5 216 151
12 6 221 154
12 7 16 11
12 8 167 116
12 9 341 238
12 10 328 229
12 11 73 51
12 12 0 0
12 13 65 45
12 14 210 147
12 15 303 212
12 16 352 246
12 17 160 112
12 18 74 51
12 19 305 213
13 0 462 323
13 1 72 50
13 2 383 268
13 3 292 204
13 4 511 357
13 5 281 196
13 6 286 200
13 7 49 34
13 8 200 140
13 9 374 261
13 10 361 252
13 11 106 74
13 12 65 45
13 13 0 0
13 14 243 170
13 15 336 235
13 16 385 269
13 17 225 157
13 18 139 97
13 19 370 259
14 0 607 424
14 1 748 523
14 2 140 98
14 3 437 305
14 4 656 459
14 5 426 298
14 6 431 301
14 7 194 135
14 8 43 30
14 9 131 91
14 10 118 82
14 11 137 95
14 12 210 147
14 13 243 170
14 14 0 0
14 15 93 65
14 16 142 99
14 17 370 259
14 18 284 198
14 19 515 360
15 0 700 489
15 1 841 588
15 2 47 32
15 3 530 371
15 4 749 524
15 5 519 363
15 6 524 366
15 7 287 200
15 8 136 95
15 9 38 26
15 10 25 17
15 11 230 161
15 12 303 212
15 13 336 235
15 14 93 65
15 15 0 0
15 16 49 34
15 17 463 324
15 18 377 263
15 19 608 425
16 0 749 524
16 1 890 623
16 2 40 28
16 3 579 405
16 4 798 558
16 5 568 397
16 6 573 401
16 7 336 235
16 8 185 129
16 9 11 7
16 10 24 16
16 11 279 195
16 12 352 246
16 13 385 269
16 14 142 99
16 15 49 34
16 16 0 0
16 17 512 358
16 18 426 298
16 19 657 459
17 0 237 165
17 1 378 264
17 2 510 357
17 3 67 46
17 4 286 200
17 5 56 39
17 6 61 42
17 7 176 123
17 8 327 228
17 9 501 350
17 10 488 341
17 11 233 163
17 12 160 112
17 13 225 157
17 14 370 259
17 15 463 324
17 16 512 358
17 17 0 0
17 18 86 60
17 19 145 101
18 0 323 226
18 1 464 324
18 2 424 296
18 3 153 107
18 4 372 260
18 5 142 99
18 6 147 102
18 7 90 62
18 8 241 168
18 9 415 290
18 10 402 281
18 11 147 102
18 12 74 51
18 13 139 97
18 14 284 198
18 15 377 263
18 16 426 298
18 17 86 60
18 18 0 0
18 19 231 161
19 0 92 64
19 1 233 163
19 2 99 69
19 3 78 54
19 4 141 98
19 5 89 62
19 6 84 58
19 7 321 224
19 8 472 330
19 9 646 452
19 10 633 443
19 11 378 264
19 12 305 213
19 13 370 259
19 14 515 360
19 15 608 425
19 16 657 459
19 17 145 101
19 18 231 161
19 19 0 0
