20
#Cost for establishing sourceNodes and maximum limit of nodes
0 47 5
1 25 4
2 10 6
3 4 1
4 27 9
5 25 3
6 4 1
7 10 5
8 40 7
9 12 4
10 4 3
11 98 10
12 9 9
13 34 8
14 15 4
15 9 7
16 6 5
17 16 6
18 11 7
19 33 7

#Distance and cable cost for each pair of nodes
0 0 0 0
0 1 228 159
0 2 282 197
0 3 316 221
0 4 108 75
0 5 472 330
0 6 167 116
0 7 373 261
0 8 79 55
0 9 137 95
0 10 369 258
0 11 153 107
0 12 252 176
0 13 319 223
0 14 346 242
0 15 200 140
0 16 32 22
0 17 249 174
0 18 411 287
0 19 111 77
1 0 228 159
1 1 0 0
1 2 54 37
1 3 88 61
1 4 120 84
1 5 700 489
1 6 395 276
1 7 601 420
1 8 149 104
1 9 91 63
1 10 597 417
1 11 381 266
1 12 480 336
1 13 91 63
1 14 574 401
1 15 28 19
1 16 260 182
1 17 21 14
1 18 639 447
1 19 339 237
2 0 282 197
2 1 54 37
2 2 0 0
2 3 34 23
2 4 174 121
2 5 754 527
2 6 449 314
2 7 655 458
2 8 203 142
2 9 145 101
2 10 651 455
2 11 435 304
2 12 534 373
2 13 37 25
2 14 628 439
2 15 82 57
2 16 314 219
2 17 33 23
2 18 693 485
2 19 393 275
3 0 316 221
3 1 88 61
3 2 34 23
3 3 0 0
3 4 208 145
3 5 20 14
3 6 483 338
3 7 689 482
3 8 237 165
3 9 179 125
3 10 685 479
3 11 469 328
3 12 568 397
3 13 60 42
3 14 662 463
3 15 116 81
3 16 348 243
3 17 67 46
3 18 727 508
3 19 427 298
4 0 108 75
4 1 120 84
4 2 174 121
4 3 208 145
4 4 0 0
4 5 580 406
4 6 275 192
4 7 481 336
4 8 29 20
4 9 29 20
4 10 477 333
4 11 261 182
4 12 360 251
4 13 211 147
4 14 454 317
4 15 92 64
4 16 140 98
4 17 141 98
4 18 519 363
4 19 219 153
5 0 472 330
5 1 700 489
5 2 754 527
5 3 20 14
5 4 580 406
5 5 0 0
5 6 305 213
5 7 99 69
5 8 551 385
5 9 609 426
5 10 103 72
5 11 319 223
5 12 220 154
5 13 791 553
5 14 126 88
5 15 672 470
5 16 440 308
5 17 721 504
5 18 61 42
5 19 361 252
6 0 167 116
6 1 395 276
6 2 449 314
6 3 483 338
6 4 275 192
6 5 305 213
6 6 0 0
6 7 206 144
6 8 246 172
6 9 304 212
6 10 202 141
6 11 14 9
6 12 85 59
6 13 486 340
6 14 179 125
6 15 367 256
6 16 135 94
6 17 416 291
6 18 244 170
6 19 56 39
7 0 373 261
7 1 601 420
7 2 655 458
7 3 689 482
7 4 481 336
7 5 99 69
7 6 206 144
7 7 0 0
7 8 452 316
7 9 510 357
7 10 4 2
7 11 220 154
7 12 121 84
7 13 692 484
7 14 27 18
7 15 573 401
7 16 341 238
7 17 622 435
7 18 38 26
7 19 262 183
8 0 79 55
8 1 149 104
8 2 203 142
8 3 237 165
8 4 29 20
8 5 551 385
8 6 246 172
8 7 452 316
8 8 0 0
8 9 58 40
8 10 448 313
8 11 232 162
8 12 331 231
8 13 240 168
8 14 425 297
8 15 121 84
8 16 111 77
8 17 170 118
8 18 490 343
8 19 190 133
9 0 137 95
9 1 91 63
9 2 145 101
9 3 179 125
9 4 29 20
9 5 609 426
9 6 304 212
9 7 510 357
9 8 58 40
9 9 0 0
9 10 506 354
9 11 290 203
9 12 389 272
9 13 182 127
9 14 483 338
9 15 63 44
9 16 169 118
9 17 112 78
9 18 548 383
9 19 248 173
10 0 369 258
10 1 597 417
10 2 651 455
10 3 685 479
10 4 477 333
10 5 103 72
10 6 202 141
10 7 4 2
10 8 448 313
10 9 506 354
10 10 0 0
10 11 216 151
10 12 117 81
10 13 688 481
10 14 23 16
10 15 569 398
10 16 337 235
10 17 618 432
10 18 42 29
10 19 258 180
11 0 153 107
11 1 381 266
11 2 435 304
11 3 469 328
11 4 261 182
11 5 319 223
11 6 14 9
11 7 220 154
11 8 232 162
11 9 290 203
11 10 216 151
11 11 0 0
11 12 99 69
11 13 472 330
11 14 193 135
11 15 353 247
11 16 121 84
11 17 402 281
11 18 258 180
11 19 42 29
12 0 252 176
12 1 480 336
12 2 534 373
12 3 568 397
12 4 360 251
12 5 220 154
12 6 85 59
12 7 121 84
12 8 331 231
12 9 389 272
12 10 117 81
12 11 99 69
12 12 0 0
12 13 571 399
12 14 94 65
12 15 452 316
12 16 220 154
12 17 501 350
12 18 159 111
12 19 141 98
13 0 319 223
13 1 91 63
13 2 37 25
13 3 60 42
13 4 211 147
13 5 791 553
13 6 486 340
13 7 692 484
13 8 240 168
13 9 182 127
13 10 688 481
13 11 472 330
13 12 571 399
13 13 0 0
13 14 665 465
13 15 119 83
13 16 351 245
13 17 70 49
13 18 730 510
13 19 430 301
14 0 346 242
14 1 574 401
14 2 628 439
14 3 662 463
14 4 454 317
14 5 126 88
14 6 179 125
14 7 27 18
14 8 425 297
14 9 483 338
14 10 23 16
14 11 193 135
14 12 94 65
14 13 665 465
14 14 0 0
14 15 546 382
14 16 314 219
14 17 595 416
14 18 65 45
14 19 235 164
15 0 200 140
15 1 28 19
15 2 82 57
15 3 116 81
15 4 92 64
15 5 672 470
15 6 367 256
15 7 573 401
15 8 121 84
15 9 63 44
15 10 569 398
15 11 353 247
15 12 452 316
15 13 119 83
15 14 546 382
15 15 0 0
15 16 232 162
15 17 49 34
15 18 611 427
15 19 311 217
16 0 32 22
16 1 260 182
16 2 314 219
16 3 348 243
16 4 140 98
16 5 440 308
16 6 135 94
16 7 341 238
16 8 111 77
16 9 169 118
16 10 337 235
16 11 121 84
16 12 220 154
16 13 351 245
16 14 314 219
16 15 232 162
16 16 0 0
16 17 281 196
16 18 379 265
16 19 79 55
17 0 249 174
17 1 21 14
17 2 33 23
17 3 67 46
17 4 141 98
17 5 721 504
17 6 416 291
17 7 622 435
17 8 170 118
17 9 112 78
17 10 618 432
17 11 402 281
17 12 501 350
17 13 70 49
17 14 595 416
17 15 49 34
17 16 281 196
17 17 0 0
17 18 660 461
17 19 360 251
18 0 411 287
18 1 639 447
18 2 693 485
18 3 727 508
18 4 519 363
18 5 61 42
18 6 244 170
18 7 38 26
18 8 490 343
18 9 548 383
18 10 42 29
18 11 258 180
18 12 159 111
18 13 730 510
18 14 65 45
18 15 611 427
18 16 379 265
18 17 660 461
18 18 0 0
18 19 300 210
19 0 111 77
19 1 339 237
19 2 393 275
19 3 427 298
19 4 219 153
19 5 361 252
19 6 56 39
19 7 262 183
19 8 190 133
19 9 248 173
19 10 258 180
19 11 42 29
19 12 141 98
19 13 430 301
19 14 235 164
19 15 311 217
19 16 79 55
19 17 360 251
19 18 300 210
19 19 0 0
