20
#Cost for establishing sourceNodes and maximum limit of nodes
0 43 8
1 5 2
2 14 10
3 7 1
4 4 1
5 32 4
6 7 3
7 12 2
8 76 8
9 50 6
10 12 2
11 25 3
12 48 6
13 73 9
14 0 8
15 19 2
16 29 3
17 41 5
18 13 2
19 53 9

#Distance and cable cost for each pair of nodes
0 0 0 0
0 1 328 229
0 2 38 26
0 3 168 117
0 4 241 168
0 5 458 320
0 6 478 334
0 7 472 330
0 8 242 169
0 9 402 281
0 10 491 343
0 11 254 177
0 12 305 213
0 13 94 65
0 14 449 314
0 15 624 436
0 16 220 154
0 17 577 403
0 18 194 135
0 19 349 244
1 0 328 229
1 1 0 0
1 2 366 256
1 3 160 112
1 4 352 246
1 5 130 91
1 6 150 105
1 7 144 100
1 8 257 179
1 9 74 51
1 10 163 114
1 11 74 51
1 12 194 135
1 13 234 163
1 14 121 84
1 15 296 207
1 16 254 177
1 17 249 174
1 18 305 213
1 19 150 105
2 0 38 26
2 1 366 256
2 2 0 0
2 3 206 144
2 4 279 195
2 5 78 54
2 6 98 68
2 7 92 64
2 8 280 196
2 9 440 308
2 10 529 370
2 11 292 204
2 12 343 240
2 13 132 92
2 14 487 340
2 15 244 170
2 16 258 180
2 17 197 137
2 18 232 162
2 19 387 270
3 0 168 117
3 1 160 112
3 2 206 144
3 3 0 0
3 4 73 51
3 5 290 203
3 6 310 217
3 7 304 212
3 8 74 51
3 9 234 163
3 10 323 226
3 11 86 60
3 12 137 95
3 13 74 51
3 14 281 196
3 15 456 319
3 16 52 36
3 17 409 286
3 18 26 18
3 19 181 126
4 0 241 168
4 1 352 246
4 2 279 195
4 3 73 51
4 4 0 0
4 5 482 337
4 6 502 351
4 7 496 347
4 8 95 66
4 9 426 298
4 10 515 360
4 11 278 194
4 12 158 110
4 13 147 102
4 14 473 331
4 15 648 453
4 16 606 424
4 17 601 420
4 18 47 32
4 19 202 141
5 0 458 320
5 1 130 91
5 2 78 54
5 3 290 203
5 4 482 337
5 5 0 0
5 6 20 14
5 7 14 9
5 8 387 270
5 9 56 39
5 10 145 101
5 11 204 142
5 12 324 226
5 13 364 254
5 14 103 72
5 15 166 116
5 16 236 165
5 17 119 83
5 18 435 304
5 19 280 196
6 0 478 334
6 1 150 105
6 2 98 68
6 3 310 217
6 4 502 351
6 5 20 14
6 6 0 0
6 7 6 4
6 8 407 284
6 9 76 53
6 10 165 115
6 11 224 156
6 12 344 240
6 13 384 268
6 14 123 86
6 15 146 102
6 16 256 179
6 17 99 69
6 18 455 318
6 19 300 210
7 0 472 330
7 1 144 100
7 2 92 64
7 3 304 212
7 4 496 347
7 5 14 9
7 6 6 4
7 7 0 0
7 8 401 280
7 9 70 49
7 10 159 111
7 11 218 152
7 12 338 236
7 13 378 264
7 14 117 81
7 15 152 106
7 16 250 175
7 17 105 73
7 18 449 314
7 19 294 205
8 0 242 169
8 1 257 179
8 2 280 196
8 3 74 51
8 4 95 66
8 5 387 270
8 6 407 284
8 7 401 280
8 8 0 0
8 9 331 231
8 10 420 294
8 11 183 128
8 12 63 44
8 13 148 103
8 14 378 264
8 15 553 387
8 16 511 357
8 17 506 354
8 18 48 33
8 19 107 74
9 0 402 281
9 1 74 51
9 2 440 308
9 3 234 163
9 4 426 298
9 5 56 39
9 6 76 53
9 7 70 49
9 8 331 231
9 9 0 0
9 10 89 62
9 11 148 103
9 12 268 187
9 13 308 215
9 14 47 32
9 15 222 155
9 16 180 125
9 17 175 122
9 18 379 265
9 19 224 156
10 0 491 343
10 1 163 114
10 2 529 370
10 3 323 226
10 4 515 360
10 5 145 101
10 6 165 115
10 7 159 111
10 8 420 294
10 9 89 62
10 10 0 0
10 11 237 165
10 12 357 249
10 13 397 277
10 14 42 29
10 15 311 217
10 16 91 63
10 17 264 184
10 18 468 327
10 19 313 219
11 0 254 177
11 1 74 51
11 2 292 204
11 3 86 60
11 4 278 194
11 5 204 142
11 6 224 156
11 7 218 152
11 8 183 128
11 9 148 103
11 10 237 165
11 11 0 0
11 12 120 84
11 13 160 112
11 14 195 136
11 15 370 259
11 16 328 229
11 17 323 226
11 18 231 161
11 19 76 53
12 0 305 213
12 1 194 135
12 2 343 240
12 3 137 95
12 4 158 110
12 5 324 226
12 6 344 240
12 7 338 236
12 8 63 44
12 9 268 187
12 10 357 249
12 11 120 84
12 12 0 0
12 13 211 147
12 14 315 220
12 15 490 343
12 16 448 313
12 17 443 310
12 18 111 77
12 19 44 30
13 0 94 65
13 1 234 163
13 2 132 92
13 3 74 51
13 4 147 102
13 5 364 254
13 6 384 268
13 7 378 264
13 8 148 103
13 9 308 215
13 10 397 277
13 11 160 112
13 12 211 147
13 13 0 0
13 14 355 248
13 15 530 371
13 16 126 88
13 17 483 338
13 18 100 70
13 19 255 178
14 0 449 314
14 1 121 84
14 2 487 340
14 3 281 196
14 4 473 331
14 5 103 72
14 6 123 86
14 7 117 81
14 8 378 264
14 9 47 32
14 10 42 29
14 11 195 136
14 12 315 220
14 13 355 248
14 14 0 0
14 15 269 188
14 16 133 93
14 17 222 155
14 18 426 298
14 19 271 189
15 0 624 436
15 1 296 207
15 2 244 170
15 3 456 319
15 4 648 453
15 5 166 116
15 6 146 102
15 7 152 106
15 8 553 387
15 9 222 155
15 10 311 217
15 11 370 259
15 12 490 343
15 13 530 371
15 14 269 188
15 15 0 0
15 16 402 281
15 17 47 32
15 18 601 420
15 19 446 312
16 0 220 154
16 1 254 177
16 2 258 180
16 3 52 36
16 4 606 424
16 5 236 165
16 6 256 179
16 7 250 175
16 8 511 357
16 9 180 125
16 10 91 63
16 11 328 229
16 12 448 313
16 13 126 88
16 14 133 93
16 15 402 281
16 16 0 0
16 17 355 248
16 18 559 391
16 19 404 282
17 0 577 403
17 1 249 174
17 2 197 137
17 3 409 286
17 4 601 420
17 5 119 83
17 6 99 69
17 7 105 73
17 8 506 354
17 9 175 122
17 10 264 184
17 11 323 226
17 12 443 310
17 13 483 338
17 14 222 155
17 15 47 32
17 16 355 248
17 17 0 0
17 18 554 387
17 19 399 279
18 0 194 135
18 1 305 213
18 2 232 162
18 3 26 18
18 4 47 32
18 5 435 304
18 6 455 318
18 7 449 314
18 8 48 33
18 9 379 265
18 10 468 327
18 11 231 161
18 12 111 77
18 13 100 70
18 14 426 298
18 15 601 420
18 16 559 391
18 17 554 387
18 18 0 0
18 19 155 108
19 0 349 244
19 1 150 105
19 2 387 270
19 3 181 126
19 4 202 141
19 5 280 196
19 6 300 210
19 7 294 205
19 8 107 74
19 9 224 156
19 10 313 219
19 11 76 53
19 12 44 30
19 13 255 178
19 14 271 189
19 15 446 312
19 16 404 282
19 17 399 279
19 18 155 108
19 19 0 0
