50
#Cost for establishing sourceNodes and maximum limit of nodes
0 107 20
1 11 4
2 35 24
3 7 1
4 4 1
5 44 23
6 34 20
7 13 12
8 16 4
9 65 8
10 48 17
11 19 3
12 34 23
13 180 22
14 181 19
15 88 21
16 112 14
17 2 4
18 137 19
19 10 2
20 42 7
21 49 5
22 224 24
23 157 17
24 181 21
25 236 24
26 58 6
27 145 15
28 2 1
29 157 20
30 22 16
31 41 11
32 57 13
33 63 11
34 39 16
35 96 23
36 54 14
37 10 6
38 70 19
39 112 19
40 9 1
41 10 4
42 143 21
43 186 19
44 106 14
45 19 8
46 3 3
47 99 11
48 152 20
49 125 14

#Distance and cable cost for each pair of nodes
0 0 0 0
0 1 110 77
0 2 56 39
0 3 474 331
0 4 353 247
0 5 429 300
0 6 295 206
0 7 466 326
0 8 168 117
0 9 244 170
0 10 147 102
0 11 333 233
0 12 229 160
0 13 449 314
0 14 199 139
0 15 231 161
0 16 138 96
0 17 11 7
0 18 154 107
0 19 282 197
0 20 313 219
0 21 354 247
0 22 458 320
0 23 190 133
0 24 358 250
0 25 61 42
0 26 435 304
0 27 311 217
0 28 485 339
0 29 88 61
0 30 144 100
0 31 369 258
0 32 216 151
0 33 98 68
0 34 320 224
0 35 417 291
0 36 51 35
0 37 193 135
0 38 413 289
0 39 313 219
0 40 390 273
0 41 402 281
0 42 234 163
0 43 142 99
0 44 399 279
0 45 146 102
0 46 247 172
0 47 331 231
0 48 319 223
0 49 101 70
1 0 110 77
1 1 0 0
1 2 142 99
1 3 364 254
1 4 286 200
1 5 319 223
1 6 185 129
1 7 356 249
1 8 101 70
1 9 330 230
1 10 233 163
1 11 419 293
1 12 119 83
1 13 339 237
1 14 132 92
1 15 121 84
1 16 131 91
1 17 99 69
1 18 240 168
1 19 215 150
1 20 203 142
1 21 244 170
1 22 391 273
1 23 80 56
1 24 248 173
1 25 157 109
1 26 325 227
1 27 201 140
1 28 375 262
1 29 331 231
1 30 137 95
1 31 455 318
1 32 149 104
1 33 186 130
1 34 210 147
1 35 307 214
1 36 59 41
1 37 275 192
1 38 303 212
1 39 399 279
1 40 280 196
1 41 335 234
1 42 167 116
1 43 385 269
1 44 485 339
1 45 154 107
1 46 137 95
1 47 221 154
1 48 252 176
1 49 168 117
2 0 56 39
2 1 142 99
2 2 0 0
2 3 232 162
2 4 428 299
2 5 187 130
2 6 53 37
2 7 224 156
2 8 243 170
2 9 188 131
2 10 91 63
2 11 277 193
2 12 101 70
2 13 207 144
2 14 274 191
2 15 21 14
2 16 273 191
2 17 241 168
2 18 98 68
2 19 357 249
2 20 185 129
2 21 112 78
2 22 533 373
2 23 62 43
2 24 116 81
2 25 299 209
2 26 193 135
2 27 183 128
2 28 243 170
2 29 473 331
2 30 279 195
2 31 313 219
2 32 291 203
2 33 328 229
2 34 78 54
2 35 175 122
2 36 201 140
2 37 417 291
2 38 171 119
2 39 257 179
2 40 148 103
2 41 477 333
2 42 309 216
2 43 28 19
2 44 343 240
2 45 296 207
2 46 5 3
2 47 89 62
2 48 394 275
2 49 310 217
3 0 474 331
3 1 364 254
3 2 232 162
3 3 0 0
3 4 650 454
3 5 313 219
3 6 179 125
3 7 446 312
3 8 465 325
3 9 420 294
3 10 323 226
3 11 509 356
3 12 91 63
3 13 143 100
3 14 496 347
3 15 243 170
3 16 495 346
3 17 463 324
3 18 330 230
3 19 579 405
3 20 175 122
3 21 238 166
3 22 755 528
3 23 284 198
3 24 242 169
3 25 521 364
3 26 39 27
3 27 173 121
3 28 465 325
3 29 86 60
3 30 501 350
3 31 545 381
3 32 513 359
3 33 550 385
3 34 300 210
3 35 397 277
3 36 423 296
3 37 30 21
3 38 393 275
3 39 489 342
3 40 84 58
3 41 699 489
3 42 531 371
3 43 140 98
3 44 575 402
3 45 518 362
3 46 227 158
3 47 311 217
3 48 616 431
3 49 532 372
4 0 353 247
4 1 286 200
4 2 428 299
4 3 650 454
4 4 0 0
4 5 605 423
4 6 471 329
4 7 642 449
4 8 185 129
4 9 616 431
4 10 519 363
4 11 705 493
4 12 405 283
4 13 625 437
4 14 154 107
4 15 407 284
4 16 215 150
4 17 187 130
4 18 526 368
4 19 71 49
4 20 489 342
4 21 530 371
4 22 105 73
4 23 366 256
4 24 534 373
4 25 292 204
4 26 611 427
4 27 487 340
4 28 661 462
4 29 187 130
4 30 221 154
4 31 741 518
4 32 171 119
4 33 274 191
4 34 496 347
4 35 593 415
4 36 227 158
4 37 131 91
4 38 589 412
4 39 685 479
4 40 566 396
4 41 49 34
4 42 189 132
4 43 241 168
4 44 771 539
4 45 322 225
4 46 423 296
4 47 507 354
4 48 274 191
4 49 252 176
5 0 429 300
5 1 319 223
5 2 187 130
5 3 313 219
5 4 605 423
5 5 0 0
5 6 134 93
5 7 194 135
5 8 420 294
5 9 375 262
5 10 278 194
5 11 464 324
5 12 278 194
5 13 171 119
5 14 451 315
5 15 198 138
5 16 450 315
5 17 418 292
5 18 285 199
5 19 534 373
5 20 362 253
5 21 75 52
5 22 710 496
5 23 239 167
5 24 71 49
5 25 476 333
5 26 274 191
5 27 360 251
5 28 213 149
5 29 650 454
5 30 456 319
5 31 500 350
5 32 114 79
5 33 505 353
5 34 255 178
5 35 145 101
5 36 378 264
5 37 594 415
5 38 348 243
5 39 444 310
5 40 229 160
5 41 654 457
5 42 132 92
5 43 161 112
5 44 84 58
5 45 473 331
5 46 182 127
5 47 80 56
5 48 217 151
5 49 487 340
6 0 295 206
6 1 185 129
6 2 53 37
6 3 179 125
6 4 471 329
6 5 134 93
6 6 0 0
6 7 267 186
6 8 286 200
6 9 241 168
6 10 144 100
6 11 330 230
6 12 144 100
6 13 154 107
6 14 317 221
6 15 64 44
6 16 316 221
6 17 284 198
6 18 151 105
6 19 400 280
6 20 228 159
6 21 59 41
6 22 576 403
6 23 105 73
6 24 63 44
6 25 342 239
6 26 140 98
6 27 226 158
6 28 286 200
6 29 516 361
6 30 322 225
6 31 366 256
6 32 334 233
6 33 371 259
6 34 121 84
6 35 218 152
6 36 244 170
6 37 460 322
6 38 214 149
6 39 310 217
6 40 95 66
6 41 520 364
6 42 352 246
6 43 570 399
6 44 396 277
6 45 339 237
6 46 48 33
6 47 132 92
6 48 437 305
6 49 353 247
7 0 466 326
7 1 356 249
7 2 224 156
7 3 446 312
7 4 642 449
7 5 194 135
7 6 267 186
7 7 0 0
7 8 457 319
7 9 412 288
7 10 315 220
7 11 501 350
7 12 315 220
7 13 421 294
7 14 488 341
7 15 235 164
7 16 487 340
7 17 455 318
7 18 322 225
7 19 571 399
7 20 399 279
7 21 140 98
7 22 747 522
7 23 276 193
7 24 123 86
7 25 513 359
7 26 407 284
7 27 397 277
7 28 19 13
7 29 687 480
7 30 493 345
7 31 537 375
7 32 505 353
7 33 542 379
7 34 292 204
7 35 49 34
7 36 415 290
7 37 631 441
7 38 385 269
7 39 481 336
7 40 362 253
7 41 691 483
7 42 70 49
7 43 741 518
7 44 567 396
7 45 510 357
7 46 219 153
7 47 135 94
7 48 155 108
7 49 524 366
8 0 168 117
8 1 101 70
8 2 243 170
8 3 465 325
8 4 185 129
8 5 420 294
8 6 286 200
8 7 457 319
8 8 0 0
8 9 431 301
8 10 334 233
8 11 520 364
8 12 220 154
8 13 440 308
8 14 31 21
8 15 222 155
8 16 30 21
8 17 2 1
8 18 341 238
8 19 114 79
8 20 304 212
8 21 345 241
8 22 290 203
8 23 181 126
8 24 349 244
8 25 107 74
8 26 426 298
8 27 302 211
8 28 476 333
8 29 230 161
8 30 36 25
8 31 556 389
8 32 48 33
8 33 89 62
8 34 311 217
8 35 408 285
8 36 42 29
8 37 174 121
8 38 404 282
8 39 500 350
8 40 381 266
8 41 234 163
8 42 66 46
8 43 284 198
8 44 586 410
8 45 137 95
8 46 238 166
8 47 322 225
8 48 151 105
8 49 67 46
9 0 244 170
9 1 330 230
9 2 188 131
9 3 420 294
9 4 616 431
9 5 375 262
9 6 241 168
9 7 412 288
9 8 431 301
9 9 0 0
9 10 97 67
9 11 89 62
9 12 289 202
9 13 161 112
9 14 462 323
9 15 209 146
9 16 461 322
9 17 429 300
9 18 104 72
9 19 545 381
9 20 373 261
9 21 300 210
9 22 721 504
9 23 250 175
9 24 304 212
9 25 487 340
9 26 381 266
9 27 371 259
9 28 431 301
9 29 661 462
9 30 467 326
9 31 125 87
9 32 479 335
9 33 516 361
9 34 266 186
9 35 363 254
9 36 389 272
9 37 605 423
9 38 359 251
9 39 69 48
9 40 336 235
9 41 665 465
9 42 497 347
9 43 216 151
9 44 155 108
9 45 484 338
9 46 193 135
9 47 277 193
9 48 582 407
9 49 498 348
10 0 147 102
10 1 233 163
10 2 91 63
10 3 323 226
10 4 519 363
10 5 278 194
10 6 144 100
10 7 315 220
10 8 334 233
10 9 97 67
10 10 0 0
10 11 186 130
10 12 192 134
10 13 64 44
10 14 365 255
10 15 112 78
10 16 364 254
10 17 332 232
10 18 7 4
10 19 448 313
10 20 276 193
10 21 203 142
10 22 624 436
10 23 153 107
10 24 207 144
10 25 390 273
10 26 284 198
10 27 274 191
10 28 334 233
10 29 564 394
10 30 370 259
10 31 222 155
10 32 382 267
10 33 419 293
10 34 169 118
10 35 266 186
10 36 292 204
10 37 508 355
10 38 262 183
10 39 166 116
10 40 239 167
10 41 568 397
10 42 400 280
10 43 119 83
10 44 252 176
10 45 387 270
10 46 96 67
10 47 180 125
10 48 485 339
10 49 401 280
11 0 333 233
11 1 419 293
11 2 277 193
11 3 509 356
11 4 705 493
11 5 464 324
11 6 330 230
11 7 501 350
11 8 520 364
11 9 89 62
11 10 186 130
11 11 0 0
11 12 378 264
11 13 250 175
11 14 551 385
11 15 298 208
11 16 550 385
11 17 518 362
11 18 193 135
11 19 634 443
11 20 462 323
11 21 389 272
11 22 810 567
11 23 339 237
11 24 393 275
11 25 576 403
11 26 470 329
11 27 460 322
11 28 520 364
11 29 750 525
11 30 556 389
11 31 36 25
11 32 568 397
11 33 605 423
11 34 355 248
11 35 452 316
11 36 478 334
11 37 694 485
11 38 448 313
11 39 20 14
11 40 425 297
11 41 754 527
11 42 586 410
11 43 305 213
11 44 106 74
11 45 573 401
11 46 282 197
11 47 366 256
11 48 671 469
11 49 587 410
12 0 229 160
12 1 119 83
12 2 101 70
12 3 91 63
12 4 405 283
12 5 278 194
12 6 144 100
12 7 315 220
12 8 220 154
12 9 289 202
12 10 192 134
12 11 378 264
12 12 0 0
12 13 298 208
12 14 251 175
12 15 80 56
12 16 250 175
12 17 218 152
12 18 199 139
12 19 334 233
12 20 84 58
12 21 203 142
12 22 510 357
12 23 39 27
12 24 207 144
12 25 276 193
12 26 52 36
12 27 82 57
12 28 25 17
12 29 450 315
12 30 256 179
12 31 414 289
12 32 268 187
12 33 305 213
12 34 13 9
12 35 266 186
12 36 178 124
12 37 394 275
12 38 106 74
12 39 358 250
12 40 239 167
12 41 454 317
12 42 286 200
12 43 504 352
12 44 444 310
12 45 273 191
12 46 96 67
12 47 180 125
12 48 371 259
12 49 287 200
13 0 449 314
13 1 339 237
13 2 207 144
13 3 143 100
13 4 625 437
13 5 171 119
13 6 154 107
13 7 421 294
13 8 440 308
13 9 161 112
13 10 64 44
13 11 250 175
13 12 298 208
13 13 0 0
13 14 471 329
13 15 218 152
13 16 470 329
13 17 438 306
13 18 71 49
13 19 554 387
13 20 382 267
13 21 96 67
13 22 730 510
13 23 259 181
13 24 100 70
13 25 496 347
13 26 104 72
13 27 380 266
13 28 440 308
13 29 670 468
13 30 64 44
13 31 286 200
13 32 488 341
13 33 525 367
13 34 275 192
13 35 372 260
13 36 398 278
13 37 614 429
13 38 368 257
13 39 230 161
13 40 59 41
13 41 674 471
13 42 506 354
13 43 64 44
13 44 68 47
13 45 493 345
13 46 202 141
13 47 286 200
13 48 591 413
13 49 507 354
14 0 199 139
14 1 132 92
14 2 274 191
14 3 496 347
14 4 154 107
14 5 451 315
14 6 317 221
14 7 488 341
14 8 31 21
14 9 462 323
14 10 365 255
14 11 551 385
14 12 251 175
14 13 471 329
14 14 0 0
14 15 253 177
14 16 61 42
14 17 33 23
14 18 372 260
14 19 83 58
14 20 335 234
14 21 376 263
14 22 259 181
14 23 212 148
14 24 380 266
14 25 138 96
14 26 457 319
14 27 333 233
14 28 507 354
14 29 199 139
14 30 67 46
14 31 587 410
14 32 17 11
14 33 120 84
14 34 342 239
14 35 439 307
14 36 73 51
14 37 143 100
14 38 435 304
14 39 531 371
14 40 412 288
14 41 203 142
14 42 35 24
14 43 253 177
14 44 617 431
14 45 168 117
14 46 269 188
14 47 353 247
14 48 120 84
14 49 98 68
15 0 231 161
15 1 121 84
15 2 21 14
15 3 243 170
15 4 407 284
15 5 198 138
15 6 64 44
15 7 235 164
15 8 222 155
15 9 209 146
15 10 112 78
15 11 298 208
15 12 80 56
15 13 218 152
15 14 253 177
15 15 0 0
15 16 252 176
15 17 220 154
15 18 119 83
15 19 336 235
15 20 164 114
15 21 123 86
15 22 512 358
15 23 41 28
15 24 127 88
15 25 278 194
15 26 204 142
15 27 162 113
15 28 254 177
15 29 452 316
15 30 258 180
15 31 334 233
15 32 270 189
15 33 307 214
15 34 89 62
15 35 186 130
15 36 180 125
15 37 396 277
15 38 182 127
15 39 278 194
15 40 159 111
15 41 456 319
15 42 288 201
15 43 506 354
15 44 364 254
15 45 275 192
15 46 16 11
15 47 100 70
15 48 373 261
15 49 289 202
16 0 138 96
16 1 131 91
16 2 273 191
16 3 495 346
16 4 215 150
16 5 450 315
16 6 316 221
16 7 487 340
16 8 30 21
16 9 461 322
16 10 364 254
16 11 550 385
16 12 250 175
16 13 470 329
16 14 61 42
16 15 252 176
16 16 0 0
16 17 32 22
16 18 371 259
16 19 144 100
16 20 334 233
16 21 375 262
16 22 320 224
16 23 211 147
16 24 379 265
16 25 77 53
16 26 456 319
16 27 332 232
16 28 506 354
16 29 260 182
16 30 6 4
16 31 586 410
16 32 78 54
16 33 119 83
16 34 341 238
16 35 438 306
16 36 72 50
16 37 204 142
16 38 434 303
16 39 530 371
16 40 411 287
16 41 264 184
16 42 96 67
16 43 314 219
16 44 616 431
16 45 167 116
16 46 268 187
16 47 352 246
16 48 181 126
16 49 37 25
17 0 11 7
17 1 99 69
17 2 241 168
17 3 463 324
17 4 187 130
17 5 418 292
17 6 284 198
17 7 455 318
17 8 2 1
17 9 429 300
17 10 332 232
17 11 518 362
17 12 218 152
17 13 438 306
17 14 33 23
17 15 220 154
17 16 32 22
17 17 0 0
17 18 339 237
17 19 116 81
17 20 302 211
17 21 343 240
17 22 292 204
17 23 179 125
17 24 347 242
17 25 58 40
17 26 424 296
17 27 300 210
17 28 474 331
17 29 232 162
17 30 38 26
17 31 554 387
17 32 50 35
17 33 87 60
17 34 309 216
17 35 406 284
17 36 40 28
17 37 176 123
17 38 402 281
17 39 498 348
17 40 379 265
17 41 236 165
17 42 68 47
17 43 286 200
17 44 584 408
17 45 135 94
17 46 236 165
17 47 320 224
17 48 153 107
17 49 69 48
18 0 154 107
18 1 240 168
18 2 98 68
18 3 330 230
18 4 526 368
18 5 285 199
18 6 151 105
18 7 322 225
18 8 341 238
18 9 104 72
18 10 7 4
18 11 193 135
18 12 199 139
18 13 71 49
18 14 372 260
18 15 119 83
18 16 371 259
18 17 339 237
18 18 0 0
18 19 455 318
18 20 283 198
18 21 210 147
18 22 631 441
18 23 160 112
18 24 214 149
18 25 397 277
18 26 291 203
18 27 281 196
18 28 341 238
18 29 571 399
18 30 377 263
18 31 229 160
18 32 389 272
18 33 426 298
18 34 176 123
18 35 273 191
18 36 299 209
18 37 515 360
18 38 269 188
18 39 173 121
18 40 246 172
18 41 575 402
18 42 66 46
18 43 126 88
18 44 259 181
18 45 14 9
18 46 103 72
18 47 187 130
18 48 10 7
18 49 408 285
19 0 282 197
19 1 215 150
19 2 357 249
19 3 579 405
19 4 71 49
19 5 534 373
19 6 400 280
19 7 571 399
19 8 114 79
19 9 545 381
19 10 448 313
19 11 634 443
19 12 334 233
19 13 554 387
19 14 83 58
19 15 336 235
19 16 144 100
19 17 116 81
19 18 455 318
19 19 0 0
19 20 418 292
19 21 459 321
19 22 176 123
19 23 295 206
19 24 463 324
19 25 221 154
19 26 540 378
19 27 416 291
19 28 590 413
19 29 116 81
19 30 150 105
19 31 670 468
19 32 100 70
19 33 203 142
19 34 425 297
19 35 522 365
19 36 156 109
19 37 60 42
19 38 518 362
19 39 614 429
19 40 495 346
19 41 120 84
19 42 118 82
19 43 170 118
19 44 700 489
19 45 251 175
19 46 352 246
19 47 436 305
19 48 203 142
19 49 181 126
20 0 313 219
20 1 203 142
20 2 185 129
20 3 175 122
20 4 489 342
20 5 362 253
20 6 228 159
20 7 399 279
20 8 304 212
20 9 373 261
20 10 276 193
20 11 462 323
20 12 84 58
20 13 382 267
20 14 335 234
20 15 164 114
20 16 334 233
20 17 302 211
20 18 283 198
20 19 418 292
20 20 0 0
20 21 287 200
20 22 29 20
20 23 123 86
20 24 291 203
20 25 360 251
20 26 136 95
20 27 2 1
20 28 109 76
20 29 534 373
20 30 340 237
20 31 498 348
20 32 352 246
20 33 389 272
20 34 97 67
20 35 350 244
20 36 262 183
20 37 478 334
20 38 75 52
20 39 442 309
20 40 323 226
20 41 538 376
20 42 20 14
20 43 588 411
20 44 528 369
20 45 33 23
20 46 180 125
20 47 264 184
20 48 105 73
20 49 371 259
21 0 354 247
21 1 244 170
21 2 112 78
21 3 238 166
21 4 530 371
21 5 75 52
21 6 59 41
21 7 140 98
21 8 345 241
21 9 300 210
21 10 203 142
21 11 389 272
21 12 203 142
21 13 96 67
21 14 376 263
21 15 123 86
21 16 375 262
21 17 343 240
21 18 210 147
21 19 459 321
21 20 287 200
21 21 0 0
21 22 635 444
21 23 164 114
21 24 4 2
21 25 401 280
21 26 199 139
21 27 285 199
21 28 159 111
21 29 575 402
21 30 381 266
21 31 425 297
21 32 39 27
21 33 430 301
21 34 180 125
21 35 91 63
21 36 303 212
21 37 519 363
21 38 273 191
21 39 369 258
21 40 154 107
21 41 579 405
21 42 57 39
21 43 629 440
21 44 455 318
21 45 398 278
21 46 107 74
21 47 5 3
21 48 142 99
21 49 412 288
22 0 458 320
22 1 391 273
22 2 533 373
22 3 755 528
22 4 105 73
22 5 710 496
22 6 576 403
22 7 747 522
22 8 290 203
22 9 721 504
22 10 624 436
22 11 810 567
22 12 510 357
22 13 730 510
22 14 259 181
22 15 512 358
22 16 320 224
22 17 292 204
22 18 631 441
22 19 176 123
22 20 29 20
22 21 635 444
22 22 0 0
22 23 471 329
22 24 639 447
22 25 397 277
22 26 716 501
22 27 592 414
22 28 766 536
22 29 292 204
22 30 62 43
22 31 846 592
22 32 276 193
22 33 379 265
22 34 601 420
22 35 698 488
22 36 332 232
22 37 236 165
22 38 694 485
22 39 790 553
22 40 671 469
22 41 56 39
22 42 58 40
22 43 346 242
22 44 876 613
22 45 427 298
22 46 528 369
22 47 612 428
22 48 143 100
22 49 357 249
23 0 190 133
23 1 80 56
23 2 62 43
23 3 284 198
23 4 366 256
23 5 239 167
23 6 105 73
23 7 276 193
23 8 181 126
23 9 250 175
23 10 153 107
23 11 339 237
23 12 39 27
23 13 259 181
23 14 212 148
23 15 41 28
23 16 211 147
23 17 179 125
23 18 160 112
23 19 295 206
23 20 123 86
23 21 164 114
23 22 471 329
23 23 0 0
23 24 168 117
23 25 237 165
23 26 245 171
23 27 121 84
23 28 295 206
23 29 411 287
23 30 217 151
23 31 375 262
23 32 229 160
23 33 266 186
23 34 130 91
23 35 227 158
23 36 139 97
23 37 355 248
23 38 223 156
23 39 319 223
23 40 200 140
23 41 415 290
23 42 247 172
23 43 465 325
23 44 405 283
23 45 234 163
23 46 57 39
23 47 141 98
23 48 332 232
23 49 248 173
24 0 358 250
24 1 248 173
24 2 116 81
24 3 242 169
24 4 534 373
24 5 71 49
24 6 63 44
24 7 123 86
24 8 349 244
24 9 304 212
24 10 207 144
24 11 393 275
24 12 207 144
24 13 100 70
24 14 380 266
24 15 127 88
24 16 379 265
24 17 347 242
24 18 214 149
24 19 463 324
24 20 291 203
24 21 4 2
24 22 639 447
24 23 168 117
24 24 0 0
24 25 405 283
24 26 203 142
24 27 289 202
24 28 142 99
24 29 579 405
24 30 385 269
24 31 429 300
24 32 43 30
24 33 434 303
24 34 184 128
24 35 74 51
24 36 307 214
24 37 523 366
24 38 277 193
24 39 373 261
24 40 158 110
24 41 583 408
24 42 61 42
24 43 90 62
24 44 459 321
24 45 402 281
24 46 111 77
24 47 9 6
24 48 146 102
24 49 416 291
25 0 61 42
25 1 157 109
25 2 299 209
25 3 521 364
25 4 292 204
25 5 476 333
25 6 342 239
25 7 513 359
25 8 107 74
25 9 487 340
25 10 390 273
25 11 576 403
25 12 276 193
25 13 496 347
25 14 138 96
25 15 278 194
25 16 77 53
25 17 58 40
25 18 397 277
25 19 221 154
25 20 360 251
25 21 401 280
25 22 397 277
25 23 237 165
25 24 405 283
25 25 0 0
25 26 482 337
25 27 358 250
25 28 532 372
25 29 188 131
25 30 83 58
25 31 612 428
25 32 155 108
25 33 145 101
25 34 367 256
25 35 464 324
25 36 98 68
25 37 132 92
25 38 460 322
25 39 556 389
25 40 437 305
25 41 341 238
25 42 173 121
25 43 242 169
25 44 642 449
25 45 193 135
25 46 294 205
25 47 378 264
25 48 258 180
25 49 40 28
26 0 435 304
26 1 325 227
26 2 193 135
26 3 39 27
26 4 611 427
26 5 274 191
26 6 140 98
26 7 407 284
26 8 426 298
26 9 381 266
26 10 284 198
26 11 470 329
26 12 52 36
26 13 104 72
26 14 457 319
26 15 204 142
26 16 456 319
26 17 424 296
26 18 291 203
26 19 540 378
26 20 136 95
26 21 199 139
26 22 716 501
26 23 245 171
26 24 203 142
26 25 482 337
26 26 0 0
26 27 134 93
26 28 426 298
26 29 656 459
26 30 462 323
26 31 506 354
26 32 474 331
26 33 511 357
26 34 261 182
26 35 358 250
26 36 384 268
26 37 600 420
26 38 354 247
26 39 450 315
26 40 45 31
26 41 660 461
26 42 492 344
26 43 710 496
26 44 536 375
26 45 479 335
26 46 188 131
26 47 272 190
26 48 577 403
26 49 493 345
27 0 311 217
27 1 201 140
27 2 183 128
27 3 173 121
27 4 487 340
27 5 360 251
27 6 226 158
27 7 397 277
27 8 302 211
27 9 371 259
27 10 274 191
27 11 460 322
27 12 82 57
27 13 380 266
27 14 333 233
27 15 162 113
27 16 332 232
27 17 300 210
27 18 281 196
27 19 416 291
27 20 2 1
27 21 285 199
27 22 592 414
27 23 121 84
27 24 289 202
27 25 358 250
27 26 134 93
27 27 0 0
27 28 107 74
27 29 532 372
27 30 338 236
27 31 496 347
27 32 350 244
27 33 387 270
27 34 95 66
27 35 348 243
27 36 260 182
27 37 476 333
27 38 73 51
27 39 440 308
27 40 321 224
27 41 536 375
27 42 368 257
27 43 586 410
27 44 526 368
27 45 355 248
27 46 178 124
27 47 262 183
27 48 453 317
27 49 369 258
28 0 485 339
28 1 375 262
28 2 243 170
28 3 465 325
28 4 661 462
28 5 213 149
28 6 286 200
28 7 19 13
28 8 476 333
28 9 431 301
28 10 334 233
28 11 520 364
28 12 25 17
28 13 440 308
28 14 507 354
28 15 254 177
28 16 506 354
28 17 474 331
28 18 341 238
28 19 590 413
28 20 109 76
28 21 159 111
28 22 766 536
28 23 295 206
28 24 142 99
28 25 532 372
28 26 426 298
28 27 107 74
28 28 0 0
28 29 706 494
28 30 512 358
28 31 556 389
28 32 524 366
28 33 561 392
28 34 311 217
28 35 68 47
28 36 434 303
28 37 650 454
28 38 404 282
28 39 500 350
28 40 381 266
28 41 710 496
28 42 89 62
28 43 760 532
28 44 586 410
28 45 529 370
28 46 238 166
28 47 154 107
28 48 174 121
28 49 543 380
29 0 88 61
29 1 331 231
29 2 473 331
29 3 86 60
29 4 187 130
29 5 650 454
29 6 516 361
29 7 687 480
29 8 230 161
29 9 661 462
29 10 564 394
29 11 750 525
29 12 450 315
29 13 670 468
29 14 199 139
29 15 452 316
29 16 260 182
29 17 232 162
29 18 571 399
29 19 116 81
29 20 534 373
29 21 575 402
29 22 292 204
29 23 411 287
29 24 579 405
29 25 188 131
29 26 656 459
29 27 532 372
29 28 706 494
29 29 0 0
29 30 266 186
29 31 786 550
29 32 216 151
29 33 319 223
29 34 541 378
29 35 638 446
29 36 272 190
29 37 56 39
29 38 634 443
29 39 730 510
29 40 611 427
29 41 236 165
29 42 234 163
29 43 54 37
29 44 816 571
29 45 367 256
29 46 468 327
29 47 552 386
29 48 319 223
29 49 148 103
30 0 144 100
30 1 137 95
30 2 279 195
30 3 501 350
30 4 221 154
30 5 456 319
30 6 322 225
30 7 493 345
30 8 36 25
30 9 467 326
30 10 370 259
30 11 556 389
30 12 256 179
30 13 64 44
30 14 67 46
30 15 258 180
30 16 6 4
30 17 38 26
30 18 377 263
30 19 150 105
30 20 340 237
30 21 381 266
30 22 62 43
30 23 217 151
30 24 385 269
30 25 83 58
30 26 462 323
30 27 338 236
30 28 512 358
30 29 266 186
30 30 0 0
30 31 592 414
30 32 84 58
30 33 125 87
30 34 347 242
30 35 444 310
30 36 78 54
30 37 210 147
30 38 440 308
30 39 536 375
30 40 417 291
30 41 270 189
30 42 98 68
30 43 320 224
30 44 99 69
30 45 173 121
30 46 274 191
30 47 358 250
30 48 183 128
30 49 43 30
31 0 369 258
31 1 455 318
31 2 313 219
31 3 545 381
31 4 741 518
31 5 500 350
31 6 366 256
31 7 537 375
31 8 556 389
31 9 125 87
31 10 222 155
31 11 36 25
31 12 414 289
31 13 286 200
31 14 587 410
31 15 334 233
31 16 586 410
31 17 554 387
31 18 229 160
31 19 670 468
31 20 498 348
31 21 425 297
31 22 846 592
31 23 375 262
31 24 429 300
31 25 612 428
31 26 506 354
31 27 496 347
31 28 556 389
31 29 786 550
31 30 592 414
31 31 0 0
31 32 604 422
31 33 34 23
31 34 391 273
31 35 488 341
31 36 514 359
31 37 730 510
31 38 484 338
31 39 56 39
31 40 461 322
31 41 790 553
31 42 622 435
31 43 341 238
31 44 142 99
31 45 609 426
31 46 318 222
31 47 402 281
31 48 707 494
31 49 623 436
32 0 216 151
32 1 149 104
32 2 291 203
32 3 513 359
32 4 171 119
32 5 114 79
32 6 334 233
32 7 505 353
32 8 48 33
32 9 479 335
32 10 382 267
32 11 568 397
32 12 268 187
32 13 488 341
32 14 17 11
32 15 270 189
32 16 78 54
32 17 50 35
32 18 389 272
32 19 100 70
32 20 352 246
32 21 39 27
32 22 276 193
32 23 229 160
32 24 43 30
32 25 155 108
32 26 474 331
32 27 350 244
32 28 524 366
32 29 216 151
32 30 84 58
32 31 604 422
32 32 0 0
32 33 34 23
32 34 359 251
32 35 456 319
32 36 90 62
32 37 160 112
32 38 452 316
32 39 548 383
32 40 429 300
32 41 220 154
32 42 18 12
32 43 270 189
32 44 634 443
32 45 185 129
32 46 286 200
32 47 370 259
32 48 103 72
32 49 115 80
33 0 98 68
33 1 186 130
33 2 328 229
33 3 550 385
33 4 274 191
33 5 505 353
33 6 371 259
33 7 542 379
33 8 89 62
33 9 516 361
33 10 419 293
33 11 605 423
33 12 305 213
33 13 525 367
33 14 120 84
33 15 307 214
33 16 119 83
33 17 87 60
33 18 426 298
33 19 203 142
33 20 389 272
33 21 430 301
33 22 379 265
33 23 266 186
33 24 434 303
33 25 145 101
33 26 511 357
33 27 387 270
33 28 561 392
33 29 319 223
33 30 125 87
33 31 34 23
33 32 34 23
33 33 0 0
33 34 396 277
33 35 493 345
33 36 127 88
33 37 263 184
33 38 489 342
33 39 585 409
33 40 466 326
33 41 323 226
33 42 52 36
33 43 373 261
33 44 671 469
33 45 222 155
33 46 323 226
33 47 407 284
33 48 137 95
33 49 156 109
34 0 320 224
34 1 210 147
34 2 78 54
34 3 300 210
34 4 496 347
34 5 255 178
34 6 121 84
34 7 292 204
34 8 311 217
34 9 266 186
34 10 169 118
34 11 355 248
34 12 13 9
34 13 275 192
34 14 342 239
34 15 89 62
34 16 341 238
34 17 309 216
34 18 176 123
34 19 425 297
34 20 97 67
34 21 180 125
34 22 601 420
34 23 130 91
34 24 184 128
34 25 367 256
34 26 261 182
34 27 95 66
34 28 311 217
34 29 541 378
34 30 347 242
34 31 391 273
34 32 359 251
34 33 396 277
34 34 0 0
34 35 243 170
34 36 269 188
34 37 485 339
34 38 93 65
34 39 335 234
34 40 216 151
34 41 545 381
34 42 377 263
34 43 595 416
34 44 421 294
34 45 364 254
34 46 73 51
34 47 157 109
34 48 462 323
34 49 378 264
35 0 417 291
35 1 307 214
35 2 175 122
35 3 397 277
35 4 593 415
35 5 145 101
35 6 218 152
35 7 49 34
35 8 408 285
35 9 363 254
35 10 266 186
35 11 452 316
35 12 266 186
35 13 372 260
35 14 439 307
35 15 186 130
35 16 438 306
35 17 406 284
35 18 273 191
35 19 522 365
35 20 350 244
35 21 91 63
35 22 698 488
35 23 227 158
35 24 74 51
35 25 464 324
35 26 358 250
35 27 348 243
35 28 68 47
35 29 638 446
35 30 444 310
35 31 488 341
35 32 456 319
35 33 493 345
35 34 243 170
35 35 0 0
35 36 366 256
35 37 582 407
35 38 336 235
35 39 432 302
35 40 313 219
35 41 642 449
35 42 474 331
35 43 692 484
35 44 518 362
35 45 461 322
35 46 170 118
35 47 86 60
35 48 559 391
35 49 475 332
36 0 51 35
36 1 59 41
36 2 201 140
36 3 423 296
36 4 227 158
36 5 378 264
36 6 244 170
36 7 415 290
36 8 42 29
36 9 389 272
36 10 292 204
36 11 478 334
36 12 178 124
36 13 398 278
36 14 73 51
36 15 180 125
36 16 72 50
36 17 40 28
36 18 299 209
36 19 156 109
36 20 262 183
36 21 303 212
36 22 332 232
36 23 139 97
36 24 307 214
36 25 98 68
36 26 384 268
36 27 260 182
36 28 434 303
36 29 272 190
36 30 78 54
36 31 514 359
36 32 90 62
36 33 127 88
36 34 269 188
36 35 366 256
36 36 0 0
36 37 216 151
36 38 362 253
36 39 458 320
36 40 339 237
36 41 276 193
36 42 108 75
36 43 326 228
36 44 544 380
36 45 95 66
36 46 196 137
36 47 280 196
36 48 193 135
36 49 109 76
37 0 193 135
37 1 275 192
37 2 417 291
37 3 30 21
37 4 131 91
37 5 594 415
37 6 460 322
37 7 631 441
37 8 174 121
37 9 605 423
37 10 508 355
37 11 694 485
37 12 394 275
37 13 614 429
37 14 143 100
37 15 396 277
37 16 204 142
37 17 176 123
37 18 515 360
37 19 60 42
37 20 478 334
37 21 519 363
37 22 236 165
37 23 355 248
37 24 523 366
37 25 132 92
37 26 600 420
37 27 476 333
37 28 650 454
37 29 56 39
37 30 210 147
37 31 730 510
37 32 160 112
37 33 263 184
37 34 485 339
37 35 582 407
37 36 216 151
37 37 0 0
37 38 578 404
37 39 674 471
37 40 555 388
37 41 180 125
37 42 178 124
37 43 110 77
37 44 760 532
37 45 311 217
37 46 412 288
37 47 496 347
37 48 263 184
37 49 92 64
38 0 413 289
38 1 303 212
38 2 171 119
38 3 393 275
38 4 589 412
38 5 348 243
38 6 214 149
38 7 385 269
38 8 404 282
38 9 359 251
38 10 262 183
38 11 448 313
38 12 106 74
38 13 368 257
38 14 435 304
38 15 182 127
38 16 434 303
38 17 402 281
38 18 269 188
38 19 518 362
38 20 75 52
38 21 273 191
38 22 694 485
38 23 223 156
38 24 277 193
38 25 460 322
38 26 354 247
38 27 73 51
38 28 404 282
38 29 634 443
38 30 440 308
38 31 484 338
38 32 452 316
38 33 489 342
38 34 93 65
38 35 336 235
38 36 362 253
38 37 578 404
38 38 0 0
38 39 428 299
38 40 309 216
38 41 638 446
38 42 470 329
38 43 688 481
38 44 514 359
38 45 457 319
38 46 166 116
38 47 250 175
38 48 555 388
38 49 471 329
39 0 313 219
39 1 399 279
39 2 257 179
39 3 489 342
39 4 685 479
39 5 444 310
39 6 310 217
39 7 481 336
39 8 500 350
39 9 69 48
39 10 166 116
39 11 20 14
39 12 358 250
39 13 230 161
39 14 531 371
39 15 278 194
39 16 530 371
39 17 498 348
39 18 173 121
39 19 614 429
39 20 442 309
39 21 369 258
39 22 790 553
39 23 319 223
39 24 373 261
39 25 556 389
39 26 450 315
39 27 440 308
39 28 500 350
39 29 730 510
39 30 536 375
39 31 56 39
39 32 548 383
39 33 585 409
39 34 335 234
39 35 432 302
39 36 458 320
39 37 674 471
39 38 428 299
39 39 0 0
39 40 405 283
39 41 734 513
39 42 566 396
39 43 285 199
39 44 86 60
39 45 553 387
39 46 262 183
39 47 346 242
39 48 651 455
39 49 567 396
40 0 390 273
40 1 280 196
40 2 148 103
40 3 84 58
40 4 566 396
40 5 229 160
40 6 95 66
40 7 362 253
40 8 381 266
40 9 336 235
40 10 239 167
40 11 425 297
40 12 239 167
40 13 59 41
40 14 412 288
40 15 159 111
40 16 411 287
40 17 379 265
40 18 246 172
40 19 495 346
40 20 323 226
40 21 154 107
40 22 671 469
40 23 200 140
40 24 158 110
40 25 437 305
40 26 45 31
40 27 321 224
40 28 381 266
40 29 611 427
40 30 417 291
40 31 461 322
40 32 429 300
40 33 466 326
40 34 216 151
40 35 313 219
40 36 339 237
40 37 555 388
40 38 309 216
40 39 405 283
40 40 0 0
40 41 615 430
40 42 447 312
40 43 665 465
40 44 491 343
40 45 434 303
40 46 143 100
40 47 227 158
40 48 532 372
40 49 448 313
41 0 402 281
41 1 335 234
41 2 477 333
41 3 699 489
41 4 49 34
41 5 654 457
41 6 520 364
41 7 691 483
41 8 234 163
41 9 665 465
41 10 568 397
41 11 754 527
41 12 454 317
41 13 674 471
41 14 203 142
41 15 456 319
41 16 264 184
41 17 236 165
41 18 575 402
41 19 120 84
41 20 538 376
41 21 579 405
41 22 56 39
41 23 415 290
41 24 583 408
41 25 341 238
41 26 660 461
41 27 536 375
41 28 710 496
41 29 236 165
41 30 270 189
41 31 790 553
41 32 220 154
41 33 323 226
41 34 545 381
41 35 642 449
41 36 276 193
41 37 180 125
41 38 638 446
41 39 734 513
41 40 615 430
41 41 0 0
41 42 238 166
41 43 290 203
41 44 820 574
41 45 371 259
41 46 472 330
41 47 556 389
41 48 323 226
41 49 301 210
42 0 234 163
42 1 167 116
42 2 309 216
42 3 531 371
42 4 189 132
42 5 132 92
42 6 352 246
42 7 70 49
42 8 66 46
42 9 497 347
42 10 400 280
42 11 586 410
42 12 286 200
42 13 506 354
42 14 35 24
42 15 288 201
42 16 96 67
42 17 68 47
42 18 66 46
42 19 118 82
42 20 20 14
42 21 57 39
42 22 58 40
42 23 247 172
42 24 61 42
42 25 173 121
42 26 492 344
42 27 368 257
42 28 89 62
42 29 234 163
42 30 98 68
42 31 622 435
42 32 18 12
42 33 52 36
42 34 377 263
42 35 474 331
42 36 108 75
42 37 178 124
42 38 470 329
42 39 566 396
42 40 447 312
42 41 238 166
42 42 0 0
42 43 288 201
42 44 652 456
42 45 203 142
42 46 304 212
42 47 388 271
42 48 85 59
42 49 133 93
43 0 142 99
43 1 385 269
43 2 28 19
43 3 140 98
43 4 241 168
43 5 161 112
43 6 570 399
43 7 741 518
43 8 284 198
43 9 216 151
43 10 119 83
43 11 305 213
43 12 504 352
43 13 64 44
43 14 253 177
43 15 506 354
43 16 314 219
43 17 286 200
43 18 126 88
43 19 170 118
43 20 588 411
43 21 629 440
43 22 346 242
43 23 465 325
43 24 90 62
43 25 242 169
43 26 710 496
43 27 586 410
43 28 760 532
43 29 54 37
43 30 320 224
43 31 341 238
43 32 270 189
43 33 373 261
43 34 595 416
43 35 692 484
43 36 326 228
43 37 110 77
43 38 688 481
43 39 285 199
43 40 665 465
43 41 290 203
43 42 288 201
43 43 0 0
43 44 371 259
43 45 99 69
43 46 522 365
43 47 606 424
43 48 373 261
43 49 202 141
44 0 399 279
44 1 485 339
44 2 343 240
44 3 575 402
44 4 771 539
44 5 84 58
44 6 396 277
44 7 567 396
44 8 586 410
44 9 155 108
44 10 252 176
44 11 106 74
44 12 444 310
44 13 68 47
44 14 617 431
44 15 364 254
44 16 616 431
44 17 584 408
44 18 259 181
44 19 700 489
44 20 528 369
44 21 455 318
44 22 876 613
44 23 405 283
44 24 459 321
44 25 642 449
44 26 536 375
44 27 526 368
44 28 586 410
44 29 816 571
44 30 99 69
44 31 142 99
44 32 634 443
44 33 671 469
44 34 421 294
44 35 518 362
44 36 544 380
44 37 760 532
44 38 514 359
44 39 86 60
44 40 491 343
44 41 820 574
44 42 652 456
44 43 371 259
44 44 0 0
44 45 639 447
44 46 348 243
44 47 432 302
44 48 737 515
44 49 653 457
45 0 146 102
45 1 154 107
45 2 296 207
45 3 518 362
45 4 322 225
45 5 473 331
45 6 339 237
45 7 510 357
45 8 137 95
45 9 484 338
45 10 387 270
45 11 573 401
45 12 273 191
45 13 493 345
45 14 168 117
45 15 275 192
45 16 167 116
45 17 135 94
45 18 14 9
45 19 251 175
45 20 33 23
45 21 398 278
45 22 427 298
45 23 234 163
45 24 402 281
45 25 193 135
45 26 479 335
45 27 355 248
45 28 529 370
45 29 367 256
45 30 173 121
45 31 609 426
45 32 185 129
45 33 222 155
45 34 364 254
45 35 461 322
45 36 95 66
45 37 311 217
45 38 457 319
45 39 553 387
45 40 434 303
45 41 371 259
45 42 203 142
45 43 99 69
45 44 639 447
45 45 0 0
45 46 291 203
45 47 375 262
45 48 57 39
45 49 204 142
46 0 247 172
46 1 137 95
46 2 5 3
46 3 227 158
46 4 423 296
46 5 182 127
46 6 48 33
46 7 219 153
46 8 238 166
46 9 193 135
46 10 96 67
46 11 282 197
46 12 96 67
46 13 202 141
46 14 269 188
46 15 16 11
46 16 268 187
46 17 236 165
46 18 103 72
46 19 352 246
46 20 180 125
46 21 107 74
46 22 528 369
46 23 57 39
46 24 111 77
46 25 294 205
46 26 188 131
46 27 178 124
46 28 238 166
46 29 468 327
46 30 274 191
46 31 318 222
46 32 286 200
46 33 323 226
46 34 73 51
46 35 170 118
46 36 196 137
46 37 412 288
46 38 166 116
46 39 262 183
46 40 143 100
46 41 472 330
46 42 304 212
46 43 522 365
46 44 348 243
46 45 291 203
46 46 0 0
46 47 84 58
46 48 389 272
46 49 305 213
47 0 331 231
47 1 221 154
47 2 89 62
47 3 311 217
47 4 507 354
47 5 80 56
47 6 132 92
47 7 135 94
47 8 322 225
47 9 277 193
47 10 180 125
47 11 366 256
47 12 180 125
47 13 286 200
47 14 353 247
47 15 100 70
47 16 352 246
47 17 320 224
47 18 187 130
47 19 436 305
47 20 264 184
47 21 5 3
47 22 612 428
47 23 141 98
47 24 9 6
47 25 378 264
47 26 272 190
47 27 262 183
47 28 154 107
47 29 552 386
47 30 358 250
47 31 402 281
47 32 370 259
47 33 407 284
47 34 157 109
47 35 86 60
47 36 280 196
47 37 496 347
47 38 250 175
47 39 346 242
47 40 227 158
47 41 556 389
47 42 388 271
47 43 606 424
47 44 432 302
47 45 375 262
47 46 84 58
47 47 0 0
47 48 473 331
47 49 389 272
48 0 319 223
48 1 252 176
48 2 394 275
48 3 616 431
48 4 274 191
48 5 217 151
48 6 437 305
48 7 155 108
48 8 151 105
48 9 582 407
48 10 485 339
48 11 671 469
48 12 371 259
48 13 591 413
48 14 120 84
48 15 373 261
48 16 181 126
48 17 153 107
48 18 10 7
48 19 203 142
48 20 105 73
48 21 142 99
48 22 143 100
48 23 332 232
48 24 146 102
48 25 258 180
48 26 577 403
48 27 453 317
48 28 174 121
48 29 319 223
48 30 183 128
48 31 707 494
48 32 103 72
48 33 137 95
48 34 462 323
48 35 559 391
48 36 193 135
48 37 263 184
48 38 555 388
48 39 651 455
48 40 532 372
48 41 323 226
48 42 85 59
48 43 373 261
48 44 737 515
48 45 57 39
48 46 389 272
48 47 473 331
48 48 0 0
48 49 218 152
49 0 101 70
49 1 168 117
49 2 310 217
49 3 532 372
49 4 252 176
49 5 487 340
49 6 353 247
49 7 524 366
49 8 67 46
49 9 498 348
49 10 401 280
49 11 587 410
49 12 287 200
49 13 507 354
49 14 98 68
49 15 289 202
49 16 37 25
49 17 69 48
49 18 408 285
49 19 181 126
49 20 371 259
49 21 412 288
49 22 357 249
49 23 248 173
49 24 416 291
49 25 40 28
49 26 493 345
49 27 369 258
49 28 543 380
49 29 148 103
49 30 43 30
49 31 623 436
49 32 115 80
49 33 156 109
49 34 378 264
49 35 475 332
49 36 109 76
49 37 92 64
49 38 471 329
49 39 567 396
49 40 448 313
49 41 301 210
49 42 133 93
49 43 202 141
49 44 653 457
49 45 204 142
49 46 305 213
49 47 389 272
49 48 218 152
49 49 0 0
