50
#Cost for establishing sourceNodes and maximum limit of nodes
0 65 20
1 72 13
2 31 23
3 42 22
4 143 15
5 17 15
6 169 23
7 6 1
8 15 6
9 17 2
10 81 13
11 32 6
12 14 25
13 150 16
14 19 3
15 24 6
16 54 12
17 13 3
18 40 5
19 134 19
20 23 7
21 14 2
22 12 3
23 53 17
24 4 2
25 4 10
26 38 14
27 65 10
28 28 5
29 106 14
30 12 15
31 4 6
32 3 1
33 6 7
34 23 12
35 67 13
36 43 9
37 1 20
38 11 7
39 37 14
40 23 10
41 32 20
42 54 9
43 35 11
44 3 2
45 48 18
46 144 23
47 55 24
48 40 10
49 121 15

#Distance and cable cost for each pair of nodes
0 0 0 0
0 1 18 12
0 2 99 69
0 3 41 28
0 4 438 306
0 5 203 142
0 6 289 202
0 7 375 262
0 8 8 5
0 9 326 228
0 10 169 118
0 11 265 185
0 12 56 39
0 13 359 251
0 14 339 237
0 15 95 66
0 16 123 86
0 17 249 174
0 18 280 196
0 19 426 298
0 20 315 220
0 21 145 101
0 22 244 170
0 23 154 107
0 24 151 105
0 25 263 184
0 26 56 39
0 27 254 177
0 28 46 32
0 29 399 279
0 30 110 77
0 31 72 50
0 32 305 213
0 33 394 275
0 34 379 265
0 35 300 210
0 36 133 93
0 37 73 51
0 38 361 252
0 39 212 148
0 40 342 239
0 41 325 227
0 42 167 116
0 43 384 268
0 44 160 112
0 45 125 87
0 46 221 154
0 47 308 215
0 48 89 62
0 49 78 54
1 0 18 12
1 1 0 0
1 2 80 56
1 3 404 282
1 4 473 331
1 5 238 166
1 6 324 226
1 7 410 287
1 8 370 259
1 9 361 252
1 10 152 106
1 11 300 210
1 12 38 26
1 13 394 275
1 14 374 261
1 15 77 53
1 16 486 340
1 17 284 198
1 18 315 220
1 19 461 322
1 20 297 207
1 21 180 125
1 22 279 195
1 23 189 132
1 24 186 130
1 25 298 208
1 26 38 26
1 27 133 93
1 28 81 56
1 29 381 266
1 30 92 64
1 31 55 38
1 32 152 106
1 33 241 168
1 34 414 289
1 35 335 234
1 36 168 117
1 37 54 37
1 38 396 277
1 39 69 48
1 40 377 263
1 41 360 251
1 42 202 141
1 43 366 256
1 44 142 99
1 45 107 74
1 46 203 142
1 47 343 240
1 48 72 50
1 49 60 42
2 0 99 69
2 1 80 56
2 2 0 0
2 3 376 263
2 4 445 311
2 5 210 147
2 6 296 207
2 7 382 267
2 8 342 239
2 9 87 60
2 10 124 86
2 11 272 190
2 12 118 82
2 13 366 256
2 14 346 242
2 15 157 109
2 16 458 320
2 17 256 179
2 18 287 200
2 19 433 303
2 20 377 263
2 21 152 106
2 22 251 175
2 23 161 112
2 24 158 110
2 25 270 189
2 26 118 82
2 27 105 73
2 28 53 37
2 29 461 322
2 30 42 29
2 31 27 18
2 32 124 86
2 33 213 149
2 34 386 270
2 35 307 214
2 36 140 98
2 37 26 18
2 38 368 257
2 39 219 153
2 40 349 244
2 41 332 232
2 42 174 121
2 43 446 312
2 44 222 155
2 45 187 130
2 46 283 198
2 47 315 220
2 48 44 30
2 49 140 98
3 0 41 28
3 1 404 282
3 2 376 263
3 3 0 0
3 4 89 62
3 5 166 116
3 6 392 274
3 7 184 128
3 8 438 306
3 9 429 300
3 10 446 312
3 11 368 257
3 12 51 35
3 13 10 7
3 14 442 309
3 15 481 336
3 16 82 57
3 17 352 246
3 18 89 62
3 19 529 370
3 20 701 490
3 21 422 295
3 22 347 242
3 23 431 301
3 24 254 177
3 25 366 256
3 26 442 309
3 27 531 371
3 28 323 226
3 29 785 549
3 30 496 347
3 31 349 244
3 32 582 407
3 33 671 469
3 34 482 337
3 35 109 76
3 36 236 165
3 37 350 244
3 38 12 8
3 39 489 342
3 40 151 105
3 41 44 30
3 42 444 310
3 43 770 539
3 44 546 382
3 45 511 357
3 46 607 424
3 47 411 287
3 48 366 256
3 49 464 324
4 0 438 306
4 1 473 331
4 2 445 311
4 3 89 62
4 4 0 0
4 5 235 164
4 6 461 322
4 7 253 177
4 8 507 354
4 9 498 348
4 10 142 99
4 11 437 305
4 12 120 84
4 13 79 55
4 14 511 357
4 15 550 385
4 16 171 119
4 17 421 294
4 18 158 110
4 19 598 418
4 20 770 539
4 21 491 343
4 22 416 291
4 23 500 350
4 24 323 226
4 25 435 304
4 26 511 357
4 27 600 420
4 28 392 274
4 29 854 597
4 30 565 395
4 31 418 292
4 32 651 455
4 33 740 518
4 34 551 385
4 35 178 124
4 36 305 213
4 37 419 293
4 38 81 56
4 39 558 390
4 40 220 154
4 41 113 79
4 42 513 359
4 43 839 587
4 44 615 430
4 45 580 406
4 46 676 473
4 47 480 336
4 48 62 43
4 49 533 373
5 0 203 142
5 1 238 166
5 2 210 147
5 3 166 116
5 4 235 164
5 5 0 0
5 6 226 158
5 7 172 120
5 8 272 190
5 9 263 184
5 10 280 196
5 11 202 141
5 12 276 193
5 13 156 109
5 14 276 193
5 15 315 220
5 16 248 173
5 17 186 130
5 18 77 53
5 19 363 254
5 20 535 374
5 21 256 179
5 22 181 126
5 23 265 185
5 24 88 61
5 25 200 140
5 26 276 193
5 27 365 255
5 28 157 109
5 29 619 433
5 30 330 230
5 31 183 128
5 32 416 291
5 33 505 353
5 34 316 221
5 35 97 67
5 36 70 49
5 37 184 128
5 38 158 110
5 39 323 226
5 40 139 97
5 41 122 85
5 42 278 194
5 43 604 422
5 44 380 266
5 45 345 241
5 46 441 308
5 47 245 171
5 48 200 140
5 49 298 208
6 0 289 202
6 1 324 226
6 2 296 207
6 3 392 274
6 4 461 322
6 5 226 158
6 6 0 0
6 7 398 278
6 8 136 95
6 9 37 25
6 10 55 38
6 11 252 176
6 12 362 253
6 13 382 267
6 14 50 35
6 15 401 280
6 16 474 331
6 17 236 165
6 18 303 212
6 19 137 95
6 20 621 434
6 21 342 239
6 22 45 31
6 23 351 245
6 24 138 96
6 25 64 44
6 26 362 253
6 27 451 315
6 28 243 170
6 29 705 493
6 30 416 291
6 31 269 188
6 32 502 351
6 33 591 413
6 34 90 62
6 35 323 226
6 36 156 109
6 37 270 189
6 38 384 268
6 39 409 286
6 40 365 255
6 41 348 243
6 42 364 254
6 43 690 482
6 44 466 326
6 45 431 301
6 46 527 368
6 47 109 76
6 48 139 97
6 49 384 268
7 0 375 262
7 1 410 287
7 2 382 267
7 3 184 128
7 4 253 177
7 5 172 120
7 6 398 278
7 7 0 0
7 8 444 310
7 9 435 304
7 10 452 316
7 11 125 87
7 12 448 313
7 13 174 121
7 14 448 313
7 15 487 340
7 16 266 186
7 17 109 76
7 18 95 66
7 19 535 374
7 20 707 494
7 21 428 299
7 22 353 247
7 23 437 305
7 24 260 182
7 25 372 260
7 26 448 313
7 27 537 375
7 28 329 230
7 29 791 553
7 30 502 351
7 31 355 248
7 32 588 411
7 33 47 32
7 34 488 341
7 35 75 52
7 36 242 169
7 37 356 249
7 38 8 5
7 39 495 346
7 40 33 23
7 41 140 98
7 42 450 315
7 43 776 543
7 44 552 386
7 45 517 361
7 46 613 429
7 47 417 291
7 48 372 260
7 49 470 329
8 0 8 5
8 1 370 259
8 2 342 239
8 3 438 306
8 4 507 354
8 5 272 190
8 6 136 95
8 7 444 310
8 8 0 0
8 9 33 23
8 10 265 185
8 11 298 208
8 12 408 285
8 13 428 299
8 14 186 130
8 15 447 312
8 16 520 364
8 17 282 197
8 18 349 244
8 19 273 191
8 20 667 466
8 21 388 271
8 22 91 63
8 23 397 277
8 24 184 128
8 25 72 50
8 26 408 285
8 27 497 347
8 28 289 202
8 29 751 525
8 30 462 323
8 31 315 220
8 32 548 383
8 33 637 445
8 34 226 158
8 35 369 258
8 36 202 141
8 37 316 221
8 38 430 301
8 39 455 318
8 40 411 287
8 41 394 275
8 42 133 93
8 43 736 515
8 44 512 358
8 45 477 333
8 46 573 401
8 47 27 18
8 48 185 129
8 49 430 301
9 0 326 228
9 1 361 252
9 2 87 60
9 3 429 300
9 4 498 348
9 5 263 184
9 6 37 25
9 7 435 304
9 8 33 23
9 9 0 0
9 10 92 64
9 11 289 202
9 12 399 279
9 13 419 293
9 14 87 60
9 15 438 306
9 16 511 357
9 17 273 191
9 18 340 237
9 19 174 121
9 20 658 460
9 21 379 265
9 22 82 57
9 23 388 271
9 24 175 122
9 25 101 70
9 26 399 279
9 27 488 341
9 28 280 196
9 29 742 519
9 30 453 317
9 31 306 214
9 32 539 377
9 33 628 439
9 34 127 88
9 35 360 251
9 36 193 135
9 37 307 214
9 38 421 294
9 39 62 43
9 40 402 281
9 41 385 269
9 42 401 280
9 43 727 508
9 44 503 352
9 45 468 327
9 46 564 394
9 47 146 102
9 48 176 123
9 49 421 294
10 0 169 118
10 1 152 106
10 2 124 86
10 3 446 312
10 4 142 99
10 5 280 196
10 6 55 38
10 7 452 316
10 8 265 185
10 9 92 64
10 10 0 0
10 11 195 136
10 12 190 133
10 13 436 305
10 14 105 73
10 15 229 160
10 16 528 369
10 17 179 125
10 18 357 249
10 19 192 134
10 20 449 314
10 21 222 155
10 22 174 121
10 23 231 161
10 24 81 56
10 25 193 135
10 26 190 133
10 27 175 122
10 28 123 86
10 29 75 52
10 30 51 35
10 31 97 67
10 32 194 135
10 33 283 198
10 34 145 101
10 35 377 263
10 36 210 147
10 37 98 68
10 38 438 306
10 39 289 202
10 40 419 293
10 41 402 281
10 42 244 170
10 43 54 37
10 44 294 205
10 45 259 181
10 46 355 248
10 47 238 166
10 48 80 56
10 49 212 148
11 0 265 185
11 1 300 210
11 2 272 190
11 3 368 257
11 4 437 305
11 5 202 141
11 6 252 176
11 7 125 87
11 8 298 208
11 9 289 202
11 10 195 136
11 11 0 0
11 12 338 236
11 13 358 250
11 14 302 211
11 15 377 263
11 16 450 315
11 17 16 11
11 18 279 195
11 19 389 272
11 20 597 417
11 21 318 222
11 22 207 144
11 23 327 228
11 24 114 79
11 25 226 158
11 26 338 236
11 27 427 298
11 28 219 153
11 29 681 476
11 30 392 274
11 31 245 171
11 32 478 334
11 33 567 396
11 34 342 239
11 35 299 209
11 36 132 92
11 37 246 172
11 38 360 251
11 39 385 269
11 40 92 64
11 41 324 226
11 42 340 237
11 43 25 17
11 44 442 309
11 45 407 284
11 46 503 352
11 47 271 189
11 48 115 80
11 49 360 251
12 0 56 39
12 1 38 26
12 2 118 82
12 3 51 35
12 4 120 84
12 5 276 193
12 6 362 253
12 7 448 313
12 8 408 285
12 9 399 279
12 10 190 133
12 11 338 236
12 12 0 0
12 13 41 28
12 14 412 288
12 15 115 80
12 16 133 93
12 17 322 225
12 18 353 247
12 19 499 349
12 20 335 234
12 21 218 152
12 22 317 221
12 23 227 158
12 24 224 156
12 25 336 235
12 26 76 53
12 27 171 119
12 28 119 83
12 29 419 293
12 30 130 91
12 31 93 65
12 32 190 133
12 33 279 195
12 34 452 316
12 35 373 261
12 36 206 144
12 37 92 64
12 38 43 30
12 39 107 74
12 40 415 290
12 41 7 4
12 42 240 168
12 43 404 282
12 44 180 125
12 45 145 101
12 46 241 168
12 47 381 266
12 48 110 77
12 49 98 68
13 0 359 251
13 1 394 275
13 2 366 256
13 3 10 7
13 4 79 55
13 5 156 109
13 6 382 267
13 7 174 121
13 8 428 299
13 9 419 293
13 10 436 305
13 11 358 250
13 12 41 28
13 13 0 0
13 14 432 302
13 15 471 329
13 16 92 64
13 17 342 239
13 18 79 55
13 19 519 363
13 20 691 483
13 21 412 288
13 22 337 235
13 23 421 294
13 24 244 170
13 25 356 249
13 26 432 302
13 27 521 364
13 28 313 219
13 29 775 542
13 30 486 340
13 31 339 237
13 32 572 400
13 33 661 462
13 34 472 330
13 35 99 69
13 36 226 158
13 37 340 237
13 38 2 1
13 39 479 335
13 40 141 98
13 41 34 23
13 42 434 303
13 43 760 532
13 44 536 375
13 45 501 350
13 46 597 417
13 47 401 280
13 48 356 249
13 49 454 317
14 0 339 237
14 1 374 261
14 2 346 242
14 3 442 309
14 4 511 357
14 5 276 193
14 6 50 35
14 7 448 313
14 8 186 130
14 9 87 60
14 10 105 73
14 11 302 211
14 12 412 288
14 13 432 302
14 14 0 0
14 15 451 315
14 16 524 366
14 17 286 200
14 18 353 247
14 19 87 60
14 20 671 469
14 21 392 274
14 22 95 66
14 23 401 280
14 24 188 131
14 25 114 79
14 26 412 288
14 27 501 350
14 28 293 205
14 29 755 528
14 30 466 326
14 31 319 223
14 32 552 386
14 33 641 448
14 34 40 28
14 35 373 261
14 36 206 144
14 37 320 224
14 38 434 303
14 39 459 321
14 40 415 290
14 41 398 278
14 42 414 289
14 43 740 518
14 44 516 361
14 45 481 336
14 46 577 403
14 47 159 111
14 48 189 132
14 49 434 303
15 0 95 66
15 1 77 53
15 2 157 109
15 3 481 336
15 4 550 385
15 5 315 220
15 6 401 280
15 7 487 340
15 8 447 312
15 9 438 306
15 10 229 160
15 11 377 263
15 12 115 80
15 13 471 329
15 14 451 315
15 15 0 0
15 16 89 62
15 17 361 252
15 18 392 274
15 19 538 376
15 20 349 244
15 21 257 179
15 22 356 249
15 23 266 186
15 24 263 184
15 25 375 262
15 26 90 62
15 27 210 147
15 28 158 110
15 29 433 303
15 30 144 100
15 31 132 92
15 32 229 160
15 33 318 222
15 34 491 343
15 35 412 288
15 36 245 171
15 37 131 91
15 38 473 331
15 39 146 102
15 40 454 317
15 41 437 305
15 42 279 195
15 43 418 292
15 44 194 135
15 45 159 111
15 46 255 178
15 47 420 294
15 48 149 104
15 49 112 78
16 0 123 86
16 1 486 340
16 2 458 320
16 3 82 57
16 4 171 119
16 5 248 173
16 6 474 331
16 7 266 186
16 8 520 364
16 9 511 357
16 10 528 369
16 11 450 315
16 12 133 93
16 13 92 64
16 14 524 366
16 15 89 62
16 16 0 0
16 17 434 303
16 18 171 119
16 19 611 427
16 20 783 548
16 21 504 352
16 22 429 300
16 23 513 359
16 24 336 235
16 25 448 313
16 26 524 366
16 27 613 429
16 28 405 283
16 29 867 606
16 30 578 404
16 31 431 301
16 32 664 464
16 33 753 527
16 34 564 394
16 35 191 133
16 36 318 222
16 37 432 302
16 38 94 65
16 39 571 399
16 40 233 163
16 41 126 88
16 42 526 368
16 43 852 596
16 44 628 439
16 45 593 415
16 46 689 482
16 47 493 345
16 48 448 313
16 49 546 382
17 0 249 174
17 1 284 198
17 2 256 179
17 3 352 246
17 4 421 294
17 5 186 130
17 6 236 165
17 7 109 76
17 8 282 197
17 9 273 191
17 10 179 125
17 11 16 11
17 12 322 225
17 13 342 239
17 14 286 200
17 15 361 252
17 16 434 303
17 17 0 0
17 18 263 184
17 19 373 261
17 20 581 406
17 21 302 211
17 22 191 133
17 23 311 217
17 24 98 68
17 25 210 147
17 26 322 225
17 27 411 287
17 28 203 142
17 29 665 465
17 30 376 263
17 31 229 160
17 32 462 323
17 33 551 385
17 34 326 228
17 35 283 198
17 36 116 81
17 37 230 161
17 38 344 240
17 39 369 258
17 40 76 53
17 41 308 215
17 42 324 226
17 43 650 454
17 44 426 298
17 45 391 273
17 46 487 340
17 47 255 178
17 48 99 69
17 49 344 240
18 0 280 196
18 1 315 220
18 2 287 200
18 3 89 62
18 4 158 110
18 5 77 53
18 6 303 212
18 7 95 66
18 8 349 244
18 9 340 237
18 10 357 249
18 11 279 195
18 12 353 247
18 13 79 55
18 14 353 247
18 15 392 274
18 16 171 119
18 17 263 184
18 18 0 0
18 19 440 308
18 20 612 428
18 21 333 233
18 22 258 180
18 23 342 239
18 24 165 115
18 25 277 193
18 26 353 247
18 27 442 309
18 28 234 163
18 29 696 487
18 30 407 284
18 31 260 182
18 32 493 345
18 33 582 407
18 34 393 275
18 35 20 14
18 36 147 102
18 37 261 182
18 38 81 56
18 39 400 280
18 40 62 43
18 41 45 31
18 42 355 248
18 43 681 476
18 44 457 319
18 45 422 295
18 46 518 362
18 47 322 225
18 48 277 193
18 49 375 262
19 0 426 298
19 1 461 322
19 2 433 303
19 3 529 370
19 4 598 418
19 5 363 254
19 6 137 95
19 7 535 374
19 8 273 191
19 9 174 121
19 10 192 134
19 11 389 272
19 12 499 349
19 13 519 363
19 14 87 60
19 15 538 376
19 16 611 427
19 17 373 261
19 18 440 308
19 19 0 0
19 20 758 530
19 21 479 335
19 22 182 127
19 23 488 341
19 24 275 192
19 25 201 140
19 26 499 349
19 27 588 411
19 28 380 266
19 29 842 589
19 30 553 387
19 31 406 284
19 32 639 447
19 33 728 509
19 34 127 88
19 35 460 322
19 36 293 205
19 37 407 284
19 38 521 364
19 39 546 382
19 40 502 351
19 41 485 339
19 42 34 23
19 43 827 578
19 44 603 422
19 45 568 397
19 46 664 464
19 47 246 172
19 48 276 193
19 49 521 364
20 0 315 220
20 1 297 207
20 2 377 263
20 3 701 490
20 4 770 539
20 5 535 374
20 6 621 434
20 7 707 494
20 8 667 466
20 9 658 460
20 10 449 314
20 11 597 417
20 12 335 234
20 13 691 483
20 14 671 469
20 15 349 244
20 16 783 548
20 17 581 406
20 18 612 428
20 19 758 530
20 20 0 0
20 21 477 333
20 22 576 403
20 23 486 340
20 24 483 338
20 25 595 416
20 26 259 181
20 27 430 301
20 28 378 264
20 29 84 58
20 30 269 188
20 31 352 246
20 32 449 314
20 33 538 376
20 34 711 497
20 35 632 442
20 36 465 325
20 37 351 245
20 38 693 485
20 39 366 256
20 40 674 471
20 41 657 459
20 42 499 349
20 43 69 48
20 44 155 108
20 45 190 133
20 46 94 65
20 47 640 448
20 48 369 258
20 49 237 165
21 0 145 101
21 1 180 125
21 2 152 106
21 3 422 295
21 4 491 343
21 5 256 179
21 6 342 239
21 7 428 299
21 8 388 271
21 9 379 265
21 10 222 155
21 11 318 222
21 12 218 152
21 13 412 288
21 14 392 274
21 15 257 179
21 16 504 352
21 17 302 211
21 18 333 233
21 19 479 335
21 20 477 333
21 21 0 0
21 22 297 207
21 23 9 6
21 24 204 142
21 25 316 221
21 26 218 152
21 27 109 76
21 28 99 69
21 29 561 392
21 30 272 190
21 31 125 87
21 32 160 112
21 33 249 174
21 34 432 302
21 35 353 247
21 36 186 130
21 37 126 88
21 38 414 289
21 39 67 46
21 40 395 276
21 41 378 264
21 42 22 15
21 43 546 382
21 44 322 225
21 45 287 200
21 46 383 268
21 47 361 252
21 48 142 99
21 49 240 168
22 0 244 170
22 1 279 195
22 2 251 175
22 3 347 242
22 4 416 291
22 5 181 126
22 6 45 31
22 7 353 247
22 8 91 63
22 9 82 57
22 10 174 121
22 11 207 144
22 12 317 221
22 13 337 235
22 14 95 66
22 15 356 249
22 16 429 300
22 17 191 133
22 18 258 180
22 19 182 127
22 20 576 403
22 21 297 207
22 22 0 0
22 23 306 214
22 24 93 65
22 25 19 13
22 26 317 221
22 27 406 284
22 28 198 138
22 29 660 461
22 30 371 259
22 31 224 156
22 32 457 319
22 33 546 382
22 34 135 94
22 35 278 194
22 36 111 77
22 37 225 157
22 38 339 237
22 39 364 254
22 40 320 224
22 41 303 212
22 42 319 223
22 43 645 451
22 44 421 294
22 45 386 270
22 46 482 337
22 47 64 44
22 48 94 65
22 49 339 237
23 0 154 107
23 1 189 132
23 2 161 112
23 3 431 301
23 4 500 350
23 5 265 185
23 6 351 245
23 7 437 305
23 8 397 277
23 9 388 271
23 10 231 161
23 11 327 228
23 12 227 158
23 13 421 294
23 14 401 280
23 15 266 186
23 16 513 359
23 17 311 217
23 18 342 239
23 19 488 341
23 20 486 340
23 21 9 6
23 22 306 214
23 23 0 0
23 24 213 149
23 25 325 227
23 26 227 158
23 27 100 70
23 28 108 75
23 29 570 399
23 30 281 196
23 31 134 93
23 32 151 105
23 33 240 168
23 34 441 308
23 35 362 253
23 36 195 136
23 37 135 94
23 38 423 296
23 39 58 40
23 40 404 282
23 41 387 270
23 42 31 21
23 43 555 388
23 44 331 231
23 45 296 207
23 46 392 274
23 47 370 259
23 48 151 105
23 49 249 174
24 0 151 105
24 1 186 130
24 2 158 110
24 3 254 177
24 4 323 226
24 5 88 61
24 6 138 96
24 7 260 182
24 8 184 128
24 9 175 122
24 10 81 56
24 11 114 79
24 12 224 156
24 13 244 170
24 14 188 131
24 15 263 184
24 16 336 235
24 17 98 68
24 18 165 115
24 19 275 192
24 20 483 338
24 21 204 142
24 22 93 65
24 23 213 149
24 24 0 0
24 25 112 78
24 26 224 156
24 27 313 219
24 28 105 73
24 29 567 396
24 30 278 194
24 31 131 91
24 32 364 254
24 33 453 317
24 34 228 159
24 35 185 129
24 36 18 12
24 37 132 92
24 38 246 172
24 39 271 189
24 40 227 158
24 41 210 147
24 42 226 158
24 43 552 386
24 44 328 229
24 45 293 205
24 46 389 272
24 47 157 109
24 48 1 0
24 49 246 172
25 0 263 184
25 1 298 208
25 2 270 189
25 3 366 256
25 4 435 304
25 5 200 140
25 6 64 44
25 7 372 260
25 8 72 50
25 9 101 70
25 10 193 135
25 11 226 158
25 12 336 235
25 13 356 249
25 14 114 79
25 15 375 262
25 16 448 313
25 17 210 147
25 18 277 193
25 19 201 140
25 20 595 416
25 21 316 221
25 22 19 13
25 23 325 227
25 24 112 78
25 25 0 0
25 26 336 235
25 27 425 297
25 28 217 151
25 29 679 475
25 30 390 273
25 31 243 170
25 32 476 333
25 33 565 395
25 34 154 107
25 35 297 207
25 36 130 91
25 37 244 170
25 38 358 250
25 39 383 268
25 40 339 237
25 41 322 225
25 42 61 42
25 43 664 464
25 44 440 308
25 45 405 283
25 46 501 350
25 47 45 31
25 48 113 79
25 49 358 250
26 0 56 39
26 1 38 26
26 2 118 82
26 3 442 309
26 4 511 357
26 5 276 193
26 6 362 253
26 7 448 313
26 8 408 285
26 9 399 279
26 10 190 133
26 11 338 236
26 12 76 53
26 13 432 302
26 14 412 288
26 15 90 62
26 16 524 366
26 17 322 225
26 18 353 247
26 19 499 349
26 20 259 181
26 21 218 152
26 22 317 221
26 23 227 158
26 24 224 156
26 25 336 235
26 26 0 0
26 27 171 119
26 28 119 83
26 29 343 240
26 30 54 37
26 31 93 65
26 32 190 133
26 33 279 195
26 34 452 316
26 35 373 261
26 36 206 144
26 37 92 64
26 38 434 303
26 39 107 74
26 40 415 290
26 41 398 278
26 42 240 168
26 43 328 229
26 44 104 72
26 45 69 48
26 46 165 115
26 47 381 266
26 48 110 77
26 49 22 15
27 0 254 177
27 1 133 93
27 2 105 73
27 3 531 371
27 4 600 420
27 5 365 255
27 6 451 315
27 7 537 375
27 8 497 347
27 9 488 341
27 10 175 122
27 11 427 298
27 12 171 119
27 13 521 364
27 14 501 350
27 15 210 147
27 16 613 429
27 17 411 287
27 18 442 309
27 19 588 411
27 20 430 301
27 21 109 76
27 22 406 284
27 23 100 70
27 24 313 219
27 25 425 297
27 26 171 119
27 27 0 0
27 28 208 145
27 29 514 359
27 30 225 157
27 31 78 54
27 32 51 35
27 33 140 98
27 34 541 378
27 35 462 323
27 36 295 206
27 37 79 55
27 38 523 366
27 39 158 110
27 40 504 352
27 41 487 340
27 42 131 91
27 43 499 349
27 44 275 192
27 45 240 168
27 46 336 235
27 47 470 329
27 48 95 66
27 49 193 135
28 0 46 32
28 1 81 56
28 2 53 37
28 3 323 226
28 4 392 274
28 5 157 109
28 6 243 170
28 7 329 230
28 8 289 202
28 9 280 196
28 10 123 86
28 11 219 153
28 12 119 83
28 13 313 219
28 14 293 205
28 15 158 110
28 16 405 283
28 17 203 142
28 18 234 163
28 19 380 266
28 20 378 264
28 21 99 69
28 22 198 138
28 23 108 75
28 24 105 73
28 25 217 151
28 26 119 83
28 27 208 145
28 28 0 0
28 29 462 323
28 30 173 121
28 31 26 18
28 32 259 181
28 33 348 243
28 34 333 233
28 35 254 177
28 36 87 60
28 37 27 18
28 38 315 220
28 39 166 116
28 40 296 207
28 41 279 195
28 42 121 84
28 43 447 312
28 44 223 156
28 45 188 131
28 46 284 198
28 47 262 183
28 48 43 30
28 49 141 98
29 0 399 279
29 1 381 266
29 2 461 322
29 3 785 549
29 4 854 597
29 5 619 433
29 6 705 493
29 7 791 553
29 8 751 525
29 9 742 519
29 10 75 52
29 11 681 476
29 12 419 293
29 13 775 542
29 14 755 528
29 15 433 303
29 16 867 606
29 17 665 465
29 18 696 487
29 19 842 589
29 20 84 58
29 21 561 392
29 22 660 461
29 23 570 399
29 24 567 396
29 25 679 475
29 26 343 240
29 27 514 359
29 28 462 323
29 29 0 0
29 30 353 247
29 31 436 305
29 32 533 373
29 33 622 435
29 34 23 16
29 35 716 501
29 36 549 384
29 37 435 304
29 38 777 543
29 39 450 315
29 40 758 530
29 41 741 518
29 42 583 408
29 43 153 107
29 44 239 167
29 45 274 191
29 46 178 124
29 47 724 506
29 48 453 317
29 49 321 224
30 0 110 77
30 1 92 64
30 2 42 29
30 3 496 347
30 4 565 395
30 5 330 230
30 6 416 291
30 7 502 351
30 8 462 323
30 9 453 317
30 10 51 35
30 11 392 274
30 12 130 91
30 13 486 340
30 14 466 326
30 15 144 100
30 16 578 404
30 17 376 263
30 18 407 284
30 19 553 387
30 20 269 188
30 21 272 190
30 22 371 259
30 23 281 196
30 24 278 194
30 25 390 273
30 26 54 37
30 27 225 157
30 28 173 121
30 29 353 247
30 30 0 0
30 31 147 102
30 32 244 170
30 33 333 233
30 34 506 354
30 35 427 298
30 36 260 182
30 37 146 102
30 38 488 341
30 39 161 112
30 40 469 328
30 41 452 316
30 42 294 205
30 43 338 236
30 44 114 79
30 45 79 55
30 46 175 122
30 47 435 304
30 48 164 114
30 49 32 22
31 0 72 50
31 1 55 38
31 2 27 18
31 3 349 244
31 4 418 292
31 5 183 128
31 6 269 188
31 7 355 248
31 8 315 220
31 9 306 214
31 10 97 67
31 11 245 171
31 12 93 65
31 13 339 237
31 14 319 223
31 15 132 92
31 16 431 301
31 17 229 160
31 18 260 182
31 19 406 284
31 20 352 246
31 21 125 87
31 22 224 156
31 23 134 93
31 24 131 91
31 25 243 170
31 26 93 65
31 27 78 54
31 28 26 18
31 29 436 305
31 30 147 102
31 31 0 0
31 32 97 67
31 33 186 130
31 34 359 251
31 35 280 196
31 36 113 79
31 37 1 0
31 38 341 238
31 39 192 134
31 40 322 225
31 41 305 213
31 42 147 102
31 43 421 294
31 44 197 137
31 45 162 113
31 46 258 180
31 47 288 201
31 48 17 11
31 49 115 80
32 0 305 213
32 1 152 106
32 2 124 86
32 3 582 407
32 4 651 455
32 5 416 291
32 6 502 351
32 7 588 411
32 8 548 383
32 9 539 377
32 10 194 135
32 11 478 334
32 12 190 133
32 13 572 400
32 14 552 386
32 15 229 160
32 16 664 464
32 17 462 323
32 18 493 345
32 19 639 447
32 20 449 314
32 21 160 112
32 22 457 319
32 23 151 105
32 24 364 254
32 25 476 333
32 26 190 133
32 27 51 35
32 28 259 181
32 29 533 373
32 30 244 170
32 31 97 67
32 32 0 0
32 33 89 62
32 34 592 414
32 35 513 359
32 36 346 242
32 37 98 68
32 38 574 401
32 39 209 146
32 40 555 388
32 41 538 376
32 42 182 127
32 43 518 362
32 44 294 205
32 45 259 181
32 46 355 248
32 47 521 364
32 48 114 79
32 49 212 148
33 0 394 275
33 1 241 168
33 2 213 149
33 3 671 469
33 4 740 518
33 5 505 353
33 6 591 413
33 7 47 32
33 8 637 445
33 9 628 439
33 10 283 198
33 11 567 396
33 12 279 195
33 13 661 462
33 14 641 448
33 15 318 222
33 16 753 527
33 17 551 385
33 18 582 407
33 19 728 509
33 20 538 376
33 21 249 174
33 22 546 382
33 23 240 168
33 24 453 317
33 25 565 395
33 26 279 195
33 27 140 98
33 28 348 243
33 29 622 435
33 30 333 233
33 31 186 130
33 32 89 62
33 33 0 0
33 34 88 61
33 35 602 421
33 36 435 304
33 37 187 130
33 38 663 464
33 39 298 208
33 40 14 9
33 41 627 438
33 42 271 189
33 43 607 424
33 44 383 268
33 45 348 243
33 46 444 310
33 47 610 427
33 48 203 142
33 49 301 210
34 0 379 265
34 1 414 289
34 2 386 270
34 3 482 337
34 4 551 385
34 5 316 221
34 6 90 62
34 7 488 341
34 8 226 158
34 9 127 88
34 10 145 101
34 11 342 239
34 12 452 316
34 13 472 330
34 14 40 28
34 15 491 343
34 16 564 394
34 17 326 228
34 18 393 275
34 19 127 88
34 20 711 497
34 21 432 302
34 22 135 94
34 23 441 308
34 24 228 159
34 25 154 107
34 26 452 316
34 27 541 378
34 28 333 233
34 29 23 16
34 30 506 354
34 31 359 251
34 32 592 414
34 33 88 61
34 34 0 0
34 35 413 289
34 36 246 172
34 37 360 251
34 38 79 55
34 39 499 349
34 40 455 318
34 41 438 306
34 42 454 317
34 43 780 546
34 44 556 389
34 45 521 364
34 46 617 431
34 47 199 139
34 48 229 160
34 49 474 331
35 0 300 210
35 1 335 234
35 2 307 214
35 3 109 76
35 4 178 124
35 5 97 67
35 6 323 226
35 7 75 52
35 8 369 258
35 9 360 251
35 10 377 263
35 11 299 209
35 12 373 261
35 13 99 69
35 14 373 261
35 15 412 288
35 16 191 133
35 17 283 198
35 18 20 14
35 19 460 322
35 20 632 442
35 21 353 247
35 22 278 194
35 23 362 253
35 24 185 129
35 25 297 207
35 26 373 261
35 27 462 323
35 28 254 177
35 29 716 501
35 30 427 298
35 31 280 196
35 32 513 359
35 33 602 421
35 34 413 289
35 35 0 0
35 36 167 116
35 37 281 196
35 38 101 70
35 39 420 294
35 40 42 29
35 41 65 45
35 42 375 262
35 43 701 490
35 44 477 333
35 45 442 309
35 46 538 376
35 47 342 239
35 48 297 207
35 49 395 276
36 0 133 93
36 1 168 117
36 2 140 98
36 3 236 165
36 4 305 213
36 5 70 49
36 6 156 109
36 7 242 169
36 8 202 141
36 9 193 135
36 10 210 147
36 11 132 92
36 12 206 144
36 13 226 158
36 14 206 144
36 15 245 171
36 16 318 222
36 17 116 81
36 18 147 102
36 19 293 205
36 20 465 325
36 21 186 130
36 22 111 77
36 23 195 136
36 24 18 12
36 25 130 91
36 26 206 144
36 27 295 206
36 28 87 60
36 29 549 384
36 30 260 182
36 31 113 79
36 32 346 242
36 33 435 304
36 34 246 172
36 35 167 116
36 36 0 0
36 37 114 79
36 38 228 159
36 39 253 177
36 40 209 146
36 41 192 134
36 42 208 145
36 43 534 373
36 44 310 217
36 45 275 192
36 46 371 259
36 47 175 122
36 48 130 91
36 49 228 159
37 0 73 51
37 1 54 37
37 2 26 18
37 3 350 244
37 4 419 293
37 5 184 128
37 6 270 189
37 7 356 249
37 8 316 221
37 9 307 214
37 10 98 68
37 11 246 172
37 12 92 64
37 13 340 237
37 14 320 224
37 15 131 91
37 16 432 302
37 17 230 161
37 18 261 182
37 19 407 284
37 20 351 245
37 21 126 88
37 22 225 157
37 23 135 94
37 24 132 92
37 25 244 170
37 26 92 64
37 27 79 55
37 28 27 18
37 29 435 304
37 30 146 102
37 31 1 0
37 32 98 68
37 33 187 130
37 34 360 251
37 35 281 196
37 36 114 79
37 37 0 0
37 38 342 239
37 39 193 135
37 40 323 226
37 41 306 214
37 42 148 103
37 43 420 294
37 44 196 137
37 45 161 112
37 46 257 179
37 47 289 202
37 48 18 12
37 49 114 79
38 0 361 252
38 1 396 277
38 2 368 257
38 3 12 8
38 4 81 56
38 5 158 110
38 6 384 268
38 7 8 5
38 8 430 301
38 9 421 294
38 10 438 306
38 11 360 251
38 12 43 30
38 13 2 1
38 14 434 303
38 15 473 331
38 16 94 65
38 17 344 240
38 18 81 56
38 19 521 364
38 20 693 485
38 21 414 289
38 22 339 237
38 23 423 296
38 24 246 172
38 25 358 250
38 26 434 303
38 27 523 366
38 28 315 220
38 29 777 543
38 30 488 341
38 31 341 238
38 32 574 401
38 33 663 464
38 34 79 55
38 35 101 70
38 36 228 159
38 37 342 239
38 38 0 0
38 39 6 4
38 40 143 100
38 41 36 25
38 42 436 305
38 43 762 533
38 44 538 376
38 45 503 352
38 46 599 419
38 47 403 282
38 48 358 250
38 49 456 319
39 0 212 148
39 1 69 48
39 2 219 153
39 3 489 342
39 4 558 390
39 5 323 226
39 6 409 286
39 7 495 346
39 8 455 318
39 9 62 43
39 10 289 202
39 11 385 269
39 12 107 74
39 13 479 335
39 14 459 321
39 15 146 102
39 16 571 399
39 17 369 258
39 18 400 280
39 19 546 382
39 20 366 256
39 21 67 46
39 22 364 254
39 23 58 40
39 24 271 189
39 25 383 268
39 26 107 74
39 27 158 110
39 28 166 116
39 29 450 315
39 30 161 112
39 31 192 134
39 32 209 146
39 33 298 208
39 34 499 349
39 35 420 294
39 36 253 177
39 37 193 135
39 38 6 4
39 39 0 0
39 40 462 323
39 41 445 311
39 42 89 62
39 43 62 43
39 44 211 147
39 45 176 123
39 46 272 190
39 47 428 299
39 48 209 146
39 49 129 90
40 0 342 239
40 1 377 263
40 2 349 244
40 3 151 105
40 4 220 154
40 5 139 97
40 6 365 255
40 7 33 23
40 8 411 287
40 9 402 281
40 10 419 293
40 11 92 64
40 12 415 290
40 13 141 98
40 14 415 290
40 15 454 317
40 16 233 163
40 17 76 53
40 18 62 43
40 19 502 351
40 20 674 471
40 21 395 276
40 22 320 224
40 23 404 282
40 24 227 158
40 25 339 237
40 26 415 290
40 27 504 352
40 28 296 207
40 29 758 530
40 30 469 328
40 31 322 225
40 32 555 388
40 33 14 9
40 34 455 318
40 35 42 29
40 36 209 146
40 37 323 226
40 38 143 100
40 39 462 323
40 40 0 0
40 41 107 74
40 42 417 291
40 43 743 520
40 44 519 363
40 45 484 338
40 46 580 406
40 47 384 268
40 48 339 237
40 49 437 305
41 0 325 227
41 1 360 251
41 2 332 232
41 3 44 30
41 4 113 79
41 5 122 85
41 6 348 243
41 7 140 98
41 8 394 275
41 9 385 269
41 10 402 281
41 11 324 226
41 12 7 4
41 13 34 23
41 14 398 278
41 15 437 305
41 16 126 88
41 17 308 215
41 18 45 31
41 19 485 339
41 20 657 459
41 21 378 264
41 22 303 212
41 23 387 270
41 24 210 147
41 25 322 225
41 26 398 278
41 27 487 340
41 28 279 195
41 29 741 518
41 30 452 316
41 31 305 213
41 32 538 376
41 33 627 438
41 34 438 306
41 35 65 45
41 36 192 134
41 37 306 214
41 38 36 25
41 39 445 311
41 40 107 74
41 41 0 0
41 42 400 280
41 43 726 508
41 44 502 351
41 45 467 326
41 46 563 394
41 47 367 256
41 48 322 225
41 49 420 294
42 0 167 116
42 1 202 141
42 2 174 121
42 3 444 310
42 4 513 359
42 5 278 194
42 6 364 254
42 7 450 315
42 8 133 93
42 9 401 280
42 10 244 170
42 11 340 237
42 12 240 168
42 13 434 303
42 14 414 289
42 15 279 195
42 16 526 368
42 17 324 226
42 18 355 248
42 19 34 23
42 20 499 349
42 21 22 15
42 22 319 223
42 23 31 21
42 24 226 158
42 25 61 42
42 26 240 168
42 27 131 91
42 28 121 84
42 29 583 408
42 30 294 205
42 31 147 102
42 32 182 127
42 33 271 189
42 34 454 317
42 35 375 262
42 36 208 145
42 37 148 103
42 38 436 305
42 39 89 62
42 40 417 291
42 41 400 280
42 42 0 0
42 43 568 397
42 44 344 240
42 45 309 216
42 46 405 283
42 47 106 74
42 48 164 114
42 49 262 183
43 0 384 268
43 1 366 256
43 2 446 312
43 3 770 539
43 4 839 587
43 5 604 422
43 6 690 482
43 7 776 543
43 8 736 515
43 9 727 508
43 10 54 37
43 11 25 17
43 12 404 282
43 13 760 532
43 14 740 518
43 15 418 292
43 16 852 596
43 17 650 454
43 18 681 476
43 19 827 578
43 20 69 48
43 21 546 382
43 22 645 451
43 23 555 388
43 24 552 386
43 25 664 464
43 26 328 229
43 27 499 349
43 28 447 312
43 29 153 107
43 30 338 236
43 31 421 294
43 32 518 362
43 33 607 424
43 34 780 546
43 35 701 490
43 36 534 373
43 37 420 294
43 38 762 533
43 39 62 43
43 40 743 520
43 41 726 508
43 42 568 397
43 43 0 0
43 44 224 156
43 45 259 181
43 46 163 114
43 47 709 496
43 48 438 306
43 49 306 214
44 0 160 112
44 1 142 99
44 2 222 155
44 3 546 382
44 4 615 430
44 5 380 266
44 6 466 326
44 7 552 386
44 8 512 358
44 9 503 352
44 10 294 205
44 11 442 309
44 12 180 125
44 13 536 375
44 14 516 361
44 15 194 135
44 16 628 439
44 17 426 298
44 18 457 319
44 19 603 422
44 20 155 108
44 21 322 225
44 22 421 294
44 23 331 231
44 24 328 229
44 25 440 308
44 26 104 72
44 27 275 192
44 28 223 156
44 29 239 167
44 30 114 79
44 31 197 137
44 32 294 205
44 33 383 268
44 34 556 389
44 35 477 333
44 36 310 217
44 37 196 137
44 38 538 376
44 39 211 147
44 40 519 363
44 41 502 351
44 42 344 240
44 43 224 156
44 44 0 0
44 45 35 24
44 46 61 42
44 47 485 339
44 48 214 149
44 49 82 57
45 0 125 87
45 1 107 74
45 2 187 130
45 3 511 357
45 4 580 406
45 5 345 241
45 6 431 301
45 7 517 361
45 8 477 333
45 9 468 327
45 10 259 181
45 11 407 284
45 12 145 101
45 13 501 350
45 14 481 336
45 15 159 111
45 16 593 415
45 17 391 273
45 18 422 295
45 19 568 397
45 20 190 133
45 21 287 200
45 22 386 270
45 23 296 207
45 24 293 205
45 25 405 283
45 26 69 48
45 27 240 168
45 28 188 131
45 29 274 191
45 30 79 55
45 31 162 113
45 32 259 181
45 33 348 243
45 34 521 364
45 35 442 309
45 36 275 192
45 37 161 112
45 38 503 352
45 39 176 123
45 40 484 338
45 41 467 326
45 42 309 216
45 43 259 181
45 44 35 24
45 45 0 0
45 46 96 67
45 47 450 315
45 48 179 125
45 49 47 32
46 0 221 154
46 1 203 142
46 2 283 198
46 3 607 424
46 4 676 473
46 5 441 308
46 6 527 368
46 7 613 429
46 8 573 401
46 9 564 394
46 10 355 248
46 11 503 352
46 12 241 168
46 13 597 417
46 14 577 403
46 15 255 178
46 16 689 482
46 17 487 340
46 18 518 362
46 19 664 464
46 20 94 65
46 21 383 268
46 22 482 337
46 23 392 274
46 24 389 272
46 25 501 350
46 26 165 115
46 27 336 235
46 28 284 198
46 29 178 124
46 30 175 122
46 31 258 180
46 32 355 248
46 33 444 310
46 34 617 431
46 35 538 376
46 36 371 259
46 37 257 179
46 38 599 419
46 39 272 190
46 40 580 406
46 41 563 394
46 42 405 283
46 43 163 114
46 44 61 42
46 45 96 67
46 46 0 0
46 47 546 382
46 48 275 192
46 49 143 100
47 0 308 215
47 1 343 240
47 2 315 220
47 3 411 287
47 4 480 336
47 5 245 171
47 6 109 76
47 7 417 291
47 8 27 18
47 9 146 102
47 10 238 166
47 11 271 189
47 12 381 266
47 13 401 280
47 14 159 111
47 15 420 294
47 16 493 345
47 17 255 178
47 18 322 225
47 19 246 172
47 20 640 448
47 21 361 252
47 22 64 44
47 23 370 259
47 24 157 109
47 25 45 31
47 26 381 266
47 27 470 329
47 28 262 183
47 29 724 506
47 30 435 304
47 31 288 201
47 32 521 364
47 33 610 427
47 34 199 139
47 35 342 239
47 36 175 122
47 37 289 202
47 38 403 282
47 39 428 299
47 40 384 268
47 41 367 256
47 42 106 74
47 43 709 496
47 44 485 339
47 45 450 315
47 46 546 382
47 47 0 0
47 48 158 110
47 49 403 282
48 0 89 62
48 1 72 50
48 2 44 30
48 3 366 256
48 4 62 43
48 5 200 140
48 6 139 97
48 7 372 260
48 8 185 129
48 9 176 123
48 10 80 56
48 11 115 80
48 12 110 77
48 13 356 249
48 14 189 132
48 15 149 104
48 16 448 313
48 17 99 69
48 18 277 193
48 19 276 193
48 20 369 258
48 21 142 99
48 22 94 65
48 23 151 105
48 24 1 0
48 25 113 79
48 26 110 77
48 27 95 66
48 28 43 30
48 29 453 317
48 30 164 114
48 31 17 11
48 32 114 79
48 33 203 142
48 34 229 160
48 35 297 207
48 36 130 91
48 37 18 12
48 38 358 250
48 39 209 146
48 40 339 237
48 41 322 225
48 42 164 114
48 43 438 306
48 44 214 149
48 45 179 125
48 46 275 192
48 47 158 110
48 48 0 0
48 49 132 92
49 0 78 54
49 1 60 42
49 2 140 98
49 3 464 324
49 4 533 373
49 5 298 208
49 6 384 268
49 7 470 329
49 8 430 301
49 9 421 294
49 10 212 148
49 11 360 251
49 12 98 68
49 13 454 317
49 14 434 303
49 15 112 78
49 16 546 382
49 17 344 240
49 18 375 262
49 19 521 364
49 20 237 165
49 21 240 168
49 22 339 237
49 23 249 174
49 24 246 172
49 25 358 250
49 26 22 15
49 27 193 135
49 28 141 98
49 29 321 224
49 30 32 22
49 31 115 80
49 32 212 148
49 33 301 210
49 34 474 331
49 35 395 276
49 36 228 159
49 37 114 79
49 38 456 319
49 39 129 90
49 40 437 305
49 41 420 294
49 42 262 183
49 43 306 214
49 44 82 57
49 45 47 32
49 46 143 100
49 47 403 282
49 48 132 92
49 49 0 0
