50
#Cost for establishing sourceNodes and maximum limit of nodes
0 33 7
1 29 3
2 154 23
3 48 12
4 12 11
5 151 25
6 86 12
7 5 1
8 169 17
9 6 19
10 9 1
11 4 1
12 7 1
13 144 20
14 81 24
15 23 22
16 97 10
17 27 3
18 112 25
19 37 8
20 2 5
21 131 15
22 73 19
23 10 11
24 2 1
25 61 7
26 22 3
27 20 6
28 76 9
29 236 24
30 92 22
31 52 23
32 47 7
33 173 22
34 8 8
35 108 22
36 23 3
37 49 8
38 36 8
39 93 12
40 49 14
41 106 19
42 20 10
43 188 24
44 21 10
45 118 19
46 109 17
47 14 2
48 72 23
49 112 15

#Distance and cable cost for each pair of nodes
0 0 0 0
0 1 161 112
0 2 109 76
0 3 62 43
0 4 146 102
0 5 276 193
0 6 249 174
0 7 41 28
0 8 119 83
0 9 140 98
0 10 57 39
0 11 281 196
0 12 441 308
0 13 815 570
0 14 172 120
0 15 721 504
0 16 192 134
0 17 406 284
0 18 613 429
0 19 471 329
0 20 326 228
0 21 238 166
0 22 31 21
0 23 116 81
0 24 262 183
0 25 333 233
0 26 64 44
0 27 374 261
0 28 52 36
0 29 263 184
0 30 165 115
0 31 128 89
0 32 184 128
0 33 518 362
0 34 184 128
0 35 648 453
0 36 311 217
0 37 339 237
0 38 6 4
0 39 460 322
0 40 370 259
0 41 70 49
0 42 263 184
0 43 380 266
0 44 434 303
0 45 113 79
0 46 142 99
0 47 705 493
0 48 16 11
0 49 63 44
1 0 161 112
1 1 0 0
1 2 258 180
1 3 99 69
1 4 301 210
1 5 425 297
1 6 398 278
1 7 190 133
1 8 268 187
1 9 289 202
1 10 206 144
1 11 430 301
1 12 590 413
1 13 964 674
1 14 321 224
1 15 870 609
1 16 341 238
1 17 555 388
1 18 762 533
1 19 620 434
1 20 117 81
1 21 29 20
1 22 180 125
1 23 265 185
1 24 411 287
1 25 482 337
1 26 213 149
1 27 523 366
1 28 353 247
1 29 412 288
1 30 314 219
1 31 277 193
1 32 333 233
1 33 667 466
1 34 23 16
1 35 797 557
1 36 460 322
1 37 488 341
1 38 155 108
1 39 609 426
1 40 519 363
1 41 219 153
1 42 32 22
1 43 529 370
1 44 583 408
1 45 262 183
1 46 291 203
1 47 854 597
1 48 165 115
1 49 218 152
2 0 109 76
2 1 258 180
2 2 0 0
2 3 159 111
2 4 449 314
2 5 167 116
2 6 140 98
2 7 250 175
2 8 321 224
2 9 437 305
2 10 134 93
2 11 172 120
2 12 332 232
2 13 706 494
2 14 63 44
2 15 612 428
2 16 489 342
2 17 297 207
2 18 504 352
2 19 362 253
2 20 217 151
2 21 129 90
2 22 65 45
2 23 318 222
2 24 559 391
2 25 224 156
2 26 361 252
2 27 265 185
2 28 406 284
2 29 560 392
2 30 56 39
2 31 425 297
2 32 75 52
2 33 409 286
2 34 281 196
2 35 539 377
2 36 202 141
2 37 230 161
2 38 103 72
2 39 351 245
2 40 261 182
2 41 272 190
2 42 154 107
2 43 271 189
2 44 325 227
2 45 410 287
2 46 219 153
2 47 596 417
2 48 93 65
2 49 366 256
3 0 62 43
3 1 99 69
3 2 159 111
3 3 0 0
3 4 202 141
3 5 326 228
3 6 299 209
3 7 91 63
3 8 169 118
3 9 190 133
3 10 107 74
3 11 331 231
3 12 491 343
3 13 865 605
3 14 222 155
3 15 771 539
3 16 242 169
3 17 456 319
3 18 663 464
3 19 521 364
3 20 167 116
3 21 79 55
3 22 81 56
3 23 166 116
3 24 312 218
3 25 383 268
3 26 114 79
3 27 424 296
3 28 254 177
3 29 313 219
3 30 215 150
3 31 178 124
3 32 234 163
3 33 568 397
3 34 122 85
3 35 698 488
3 36 361 252
3 37 389 272
3 38 56 39
3 39 510 357
3 40 420 294
3 41 120 84
3 42 313 219
3 43 430 301
3 44 484 338
3 45 163 114
3 46 192 134
3 47 755 528
3 48 66 46
3 49 119 83
4 0 146 102
4 1 301 210
4 2 449 314
4 3 202 141
4 4 0 0
4 5 282 197
4 6 141 98
4 7 290 203
4 8 248 173
4 9 164 114
4 10 41 28
4 11 287 200
4 12 259 181
4 13 633 443
4 14 512 358
4 15 539 377
4 16 216 151
4 17 337 235
4 18 431 301
4 19 477 333
4 20 666 466
4 21 578 404
4 22 514 359
4 23 245 171
4 24 286 200
4 25 264 184
4 26 88 61
4 27 380 266
4 28 333 233
4 29 287 200
4 30 505 353
4 31 152 106
4 32 374 261
4 33 336 235
4 34 324 226
4 35 466 326
4 36 317 221
4 37 345 241
4 38 146 102
4 39 278 194
4 40 188 131
4 41 199 139
4 42 603 422
4 43 386 270
4 44 252 176
4 45 137 95
4 46 126 88
4 47 523 366
4 48 136 95
4 49 83 58
5 0 276 193
5 1 425 297
5 2 167 116
5 3 326 228
5 4 282 197
5 5 0 0
5 6 39 27
5 7 83 58
5 8 154 107
5 9 270 189
5 10 301 210
5 11 5 3
5 12 165 115
5 13 539 377
5 14 230 161
5 15 445 311
5 16 322 225
5 17 130 91
5 18 337 235
5 19 195 136
5 20 384 268
5 21 296 207
5 22 232 162
5 23 151 105
5 24 392 274
5 25 57 39
5 26 194 135
5 27 98 68
5 28 239 167
5 29 393 275
5 30 223 156
5 31 258 180
5 32 92 64
5 33 242 169
5 34 448 313
5 35 372 260
5 36 35 24
5 37 63 44
5 38 270 189
5 39 184 128
5 40 94 65
5 41 105 73
5 42 321 224
5 43 104 72
5 44 158 110
5 45 243 170
5 46 386 270
5 47 429 300
5 48 260 182
5 49 199 139
6 0 249 174
6 1 398 278
6 2 140 98
6 3 299 209
6 4 141 98
6 5 39 27
6 6 0 0
6 7 122 85
6 8 193 135
6 9 129 90
6 10 274 191
6 11 44 30
6 12 204 142
6 13 578 404
6 14 203 142
6 15 484 338
6 16 181 126
6 17 169 118
6 18 376 263
6 19 234 163
6 20 357 249
6 21 269 188
6 22 205 143
6 23 82 57
6 24 251 175
6 25 96 67
6 26 53 37
6 27 137 95
6 28 170 118
6 29 252 176
6 30 196 137
6 31 117 81
6 32 65 45
6 33 281 196
6 34 421 294
6 35 411 287
6 36 74 51
6 37 102 71
6 38 243 170
6 39 223 156
6 40 133 93
6 41 144 100
6 42 294 205
6 43 143 100
6 44 197 137
6 45 102 71
6 46 359 251
6 47 468 327
6 48 233 163
6 49 58 40
7 0 41 28
7 1 190 133
7 2 250 175
7 3 91 63
7 4 290 203
7 5 83 58
7 6 122 85
7 7 0 0
7 8 162 113
7 9 278 194
7 10 384 268
7 11 78 54
7 12 173 121
7 13 547 382
7 14 313 219
7 15 453 317
7 16 330 230
7 17 99 69
7 18 345 241
7 19 278 194
7 20 467 326
7 21 379 265
7 22 315 220
7 23 159 111
7 24 400 280
7 25 26 18
7 26 202 141
7 27 181 126
7 28 247 172
7 29 65 45
7 30 306 214
7 31 266 186
7 32 175 122
7 33 250 175
7 34 213 149
7 35 380 266
7 36 118 82
7 37 146 102
7 38 35 24
7 39 192 134
7 40 102 71
7 41 113 79
7 42 404 282
7 43 187 130
7 44 166 116
7 45 251 175
7 46 469 328
7 47 437 305
7 48 343 240
7 49 207 144
8 0 119 83
8 1 268 187
8 2 321 224
8 3 169 118
8 4 248 173
8 5 154 107
8 6 193 135
8 7 162 113
8 8 0 0
8 9 236 165
8 10 144 100
8 11 159 111
8 12 131 91
8 13 85 59
8 14 384 268
8 15 411 287
8 16 288 201
8 17 209 146
8 18 303 212
8 19 349 244
8 20 538 376
8 21 450 315
8 22 386 270
8 23 95 66
8 24 358 250
8 25 136 95
8 26 160 112
8 27 252 176
8 28 183 128
8 29 359 251
8 30 377 263
8 31 224 156
8 32 246 172
8 33 208 145
8 34 291 203
8 35 338 236
8 36 189 132
8 37 217 151
8 38 113 79
8 39 43 30
8 40 60 42
8 41 49 34
8 42 475 332
8 43 258 180
8 44 124 86
8 45 209 146
8 46 229 160
8 47 126 88
8 48 103 72
8 49 165 115
9 0 140 98
9 1 289 202
9 2 437 305
9 3 190 133
9 4 164 114
9 5 270 189
9 6 129 90
9 7 278 194
9 8 236 165
9 9 0 0
9 10 165 115
9 11 275 192
9 12 247 172
9 13 621 434
9 14 500 350
9 15 527 368
9 16 94 65
9 17 325 227
9 18 419 293
9 19 465 325
9 20 654 457
9 21 566 396
9 22 502 351
9 23 233 163
9 24 164 114
9 25 252 176
9 26 76 53
9 27 368 257
9 28 321 224
9 29 165 115
9 30 493 345
9 31 12 8
9 32 362 253
9 33 324 226
9 34 312 218
9 35 454 317
9 36 305 213
9 37 333 233
9 38 134 93
9 39 10 7
9 40 176 123
9 41 187 130
9 42 20 14
9 43 374 261
9 44 240 168
9 45 27 18
9 46 250 175
9 47 511 357
9 48 124 86
9 49 81 56
10 0 57 39
10 1 206 144
10 2 134 93
10 3 107 74
10 4 41 28
10 5 301 210
10 6 274 191
10 7 384 268
10 8 144 100
10 9 165 115
10 10 0 0
10 11 306 214
10 12 466 326
10 13 840 588
10 14 197 137
10 15 746 522
10 16 217 151
10 17 431 301
10 18 638 446
10 19 496 347
10 20 351 245
10 21 263 184
10 22 56 39
10 23 141 98
10 24 287 200
10 25 358 250
10 26 89 62
10 27 399 279
10 28 229 160
10 29 288 201
10 30 190 133
10 31 153 107
10 32 209 146
10 33 543 380
10 34 229 160
10 35 673 471
10 36 336 235
10 37 364 254
10 38 51 35
10 39 485 339
10 40 395 276
10 41 95 66
10 42 288 201
10 43 405 283
10 44 459 321
10 45 138 96
10 46 85 59
10 47 730 510
10 48 41 28
10 49 94 65
11 0 281 196
11 1 430 301
11 2 172 120
11 3 331 231
11 4 287 200
11 5 5 3
11 6 44 30
11 7 78 54
11 8 159 111
11 9 275 192
11 10 306 214
11 11 0 0
11 12 170 118
11 13 544 380
11 14 235 164
11 15 450 315
11 16 327 228
11 17 125 87
11 18 342 239
11 19 200 140
11 20 389 272
11 21 301 210
11 22 237 165
11 23 156 109
11 24 397 277
11 25 52 36
11 26 199 139
11 27 103 72
11 28 244 170
11 29 398 278
11 30 228 159
11 31 263 184
11 32 97 67
11 33 247 172
11 34 453 317
11 35 377 263
11 36 40 28
11 37 68 47
11 38 275 192
11 39 189 132
11 40 99 69
11 41 110 77
11 42 326 228
11 43 109 76
11 44 163 114
11 45 248 173
11 46 391 273
11 47 434 303
11 48 265 185
11 49 204 142
12 0 441 308
12 1 590 413
12 2 332 232
12 3 491 343
12 4 259 181
12 5 165 115
12 6 204 142
12 7 173 121
12 8 131 91
12 9 247 172
12 10 466 326
12 11 170 118
12 12 0 0
12 13 374 261
12 14 395 276
12 15 280 196
12 16 299 209
12 17 220 154
12 18 172 120
12 19 360 251
12 20 549 384
12 21 461 322
12 22 13 9
12 23 128 89
12 24 369 258
12 25 147 102
12 26 171 119
12 27 263 184
12 28 216 151
12 29 370 259
12 30 388 271
12 31 235 164
12 32 257 179
12 33 77 53
12 34 613 429
12 35 207 144
12 36 200 140
12 37 228 159
12 38 435 304
12 39 33 23
12 40 71 49
12 41 82 57
12 42 486 340
12 43 269 188
12 44 7 4
12 45 220 154
12 46 551 385
12 47 264 184
12 48 425 297
12 49 176 123
13 0 815 570
13 1 964 674
13 2 706 494
13 3 865 605
13 4 633 443
13 5 539 377
13 6 578 404
13 7 547 382
13 8 85 59
13 9 621 434
13 10 840 588
13 11 544 380
13 12 374 261
13 13 0 0
13 14 769 538
13 15 94 65
13 16 673 471
13 17 594 415
13 18 202 141
13 19 734 513
13 20 923 646
13 21 835 584
13 22 181 126
13 23 502 351
13 24 119 83
13 25 521 364
13 26 545 381
13 27 113 79
13 28 590 413
13 29 744 520
13 30 762 533
13 31 609 426
13 32 631 441
13 33 297 207
13 34 36 25
13 35 167 116
13 36 574 401
13 37 602 421
13 38 809 566
13 39 143 100
13 40 445 311
13 41 456 319
13 42 860 602
13 43 643 450
13 44 381 266
13 45 594 415
13 46 925 647
13 47 294 205
13 48 799 559
13 49 550 385
14 0 172 120
14 1 321 224
14 2 63 44
14 3 222 155
14 4 512 358
14 5 230 161
14 6 203 142
14 7 313 219
14 8 384 268
14 9 500 350
14 10 197 137
14 11 235 164
14 12 395 276
14 13 769 538
14 14 0 0
14 15 675 472
14 16 552 386
14 17 360 251
14 18 567 396
14 19 425 297
14 20 168 117
14 21 80 56
14 22 2 1
14 23 381 266
14 24 622 435
14 25 287 200
14 26 424 296
14 27 328 229
14 28 469 328
14 29 623 436
14 30 7 4
14 31 488 341
14 32 138 96
14 33 472 330
14 34 344 240
14 35 602 421
14 36 265 185
14 37 293 205
14 38 166 116
14 39 414 289
14 40 324 226
14 41 335 234
14 42 91 63
14 43 334 233
14 44 388 271
14 45 473 331
14 46 282 197
14 47 659 461
14 48 156 109
14 49 429 300
15 0 721 504
15 1 870 609
15 2 612 428
15 3 771 539
15 4 539 377
15 5 445 311
15 6 484 338
15 7 453 317
15 8 411 287
15 9 527 368
15 10 746 522
15 11 450 315
15 12 280 196
15 13 94 65
15 14 675 472
15 15 0 0
15 16 579 405
15 17 500 350
15 18 108 75
15 19 640 448
15 20 829 580
15 21 741 518
15 22 87 60
15 23 408 285
15 24 25 17
15 25 427 298
15 26 451 315
15 27 19 13
15 28 496 347
15 29 650 454
15 30 668 467
15 31 515 360
15 32 537 375
15 33 203 142
15 34 893 625
15 35 73 51
15 36 480 336
15 37 508 355
15 38 715 500
15 39 49 34
15 40 351 245
15 41 362 253
15 42 766 536
15 43 549 384
15 44 287 200
15 45 500 350
15 46 831 581
15 47 200 140
15 48 705 493
15 49 456 319
16 0 192 134
16 1 341 238
16 2 489 342
16 3 242 169
16 4 216 151
16 5 322 225
16 6 181 126
16 7 330 230
16 8 288 201
16 9 94 65
16 10 217 151
16 11 327 228
16 12 299 209
16 13 673 471
16 14 552 386
16 15 579 405
16 16 0 0
16 17 57 39
16 18 471 329
16 19 517 361
16 20 706 494
16 21 618 432
16 22 554 387
16 23 285 199
16 24 70 49
16 25 304 212
16 26 128 89
16 27 420 294
16 28 373 261
16 29 71 49
16 30 545 381
16 31 94 65
16 32 414 289
16 33 376 263
16 34 364 254
16 35 506 354
16 36 357 249
16 37 385 269
16 38 186 130
16 39 318 222
16 40 228 159
16 41 239 167
16 42 643 450
16 43 426 298
16 44 292 204
16 45 79 55
16 46 302 211
16 47 563 394
16 48 176 123
16 49 133 93
17 0 406 284
17 1 555 388
17 2 297 207
17 3 456 319
17 4 337 235
17 5 130 91
17 6 169 118
17 7 99 69
17 8 209 146
17 9 325 227
17 10 431 301
17 11 125 87
17 12 220 154
17 13 594 415
17 14 360 251
17 15 500 350
17 16 57 39
17 17 0 0
17 18 392 274
17 19 325 227
17 20 514 359
17 21 426 298
17 22 362 253
17 23 206 144
17 24 127 88
17 25 73 51
17 26 249 174
17 27 228 159
17 28 93 65
17 29 128 89
17 30 353 247
17 31 313 219
17 32 222 155
17 33 297 207
17 34 578 404
17 35 427 298
17 36 165 115
17 37 193 135
17 38 400 280
17 39 47 32
17 40 149 104
17 41 160 112
17 42 451 315
17 43 234 163
17 44 213 149
17 45 298 208
17 46 516 361
17 47 484 338
17 48 390 273
17 49 254 177
18 0 613 429
18 1 762 533
18 2 504 352
18 3 663 464
18 4 431 301
18 5 337 235
18 6 376 263
18 7 345 241
18 8 303 212
18 9 419 293
18 10 638 446
18 11 342 239
18 12 172 120
18 13 202 141
18 14 567 396
18 15 108 75
18 16 471 329
18 17 392 274
18 18 0 0
18 19 532 372
18 20 721 504
18 21 633 443
18 22 185 129
18 23 300 210
18 24 541 378
18 25 319 223
18 26 343 240
18 27 435 304
18 28 388 271
18 29 542 379
18 30 560 392
18 31 407 284
18 32 429 300
18 33 95 66
18 34 785 549
18 35 35 24
18 36 372 260
18 37 400 280
18 38 607 424
18 39 205 143
18 40 243 170
18 41 254 177
18 42 658 460
18 43 441 308
18 44 179 125
18 45 392 274
18 46 723 506
18 47 92 64
18 48 597 417
18 49 348 243
19 0 471 329
19 1 620 434
19 2 362 253
19 3 521 364
19 4 477 333
19 5 195 136
19 6 234 163
19 7 278 194
19 8 349 244
19 9 465 325
19 10 496 347
19 11 200 140
19 12 360 251
19 13 734 513
19 14 425 297
19 15 640 448
19 16 517 361
19 17 325 227
19 18 532 372
19 19 0 0
19 20 275 192
19 21 187 130
19 22 427 298
19 23 346 242
19 24 587 410
19 25 252 176
19 26 389 272
19 27 27 18
19 28 182 127
19 29 588 411
19 30 418 292
19 31 453 317
19 32 287 200
19 33 437 305
19 34 643 450
19 35 567 396
19 36 160 112
19 37 132 92
19 38 465 325
19 39 379 265
19 40 289 202
19 41 300 210
19 42 516 361
19 43 91 63
19 44 353 247
19 45 438 306
19 46 581 406
19 47 624 436
19 48 455 318
19 49 394 275
20 0 326 228
20 1 117 81
20 2 217 151
20 3 167 116
20 4 666 466
20 5 384 268
20 6 357 249
20 7 467 326
20 8 538 376
20 9 654 457
20 10 351 245
20 11 389 272
20 12 549 384
20 13 923 646
20 14 168 117
20 15 829 580
20 16 706 494
20 17 514 359
20 18 721 504
20 19 275 192
20 20 0 0
20 21 88 61
20 22 170 118
20 23 535 374
20 24 776 543
20 25 441 308
20 26 578 404
20 27 482 337
20 28 623 436
20 29 777 543
20 30 161 112
20 31 642 449
20 32 292 204
20 33 626 438
20 34 140 98
20 35 756 529
20 36 115 80
20 37 143 100
20 38 320 224
20 39 568 397
20 40 478 334
20 41 489 342
20 42 259 181
20 43 184 128
20 44 542 379
20 45 627 438
20 46 56 39
20 47 1 0
20 48 310 217
20 49 583 408
21 0 238 166
21 1 29 20
21 2 129 90
21 3 79 55
21 4 578 404
21 5 296 207
21 6 269 188
21 7 379 265
21 8 450 315
21 9 566 396
21 10 263 184
21 11 301 210
21 12 461 322
21 13 835 584
21 14 80 56
21 15 741 518
21 16 618 432
21 17 426 298
21 18 633 443
21 19 187 130
21 20 88 61
21 21 0 0
21 22 82 57
21 23 447 312
21 24 688 481
21 25 353 247
21 26 490 343
21 27 394 275
21 28 535 374
21 29 689 482
21 30 73 51
21 31 554 387
21 32 204 142
21 33 538 376
21 34 52 36
21 35 668 467
21 36 27 18
21 37 55 38
21 38 232 162
21 39 480 336
21 40 390 273
21 41 401 280
21 42 171 119
21 43 96 67
21 44 454 317
21 45 539 377
21 46 348 243
21 47 725 507
21 48 222 155
21 49 495 346
22 0 31 21
22 1 180 125
22 2 65 45
22 3 81 56
22 4 514 359
22 5 232 162
22 6 205 143
22 7 315 220
22 8 386 270
22 9 502 351
22 10 56 39
22 11 237 165
22 12 13 9
22 13 181 126
22 14 2 1
22 15 87 60
22 16 554 387
22 17 362 253
22 18 185 129
22 19 427 298
22 20 170 118
22 21 82 57
22 22 0 0
22 23 383 268
22 24 624 436
22 25 289 202
22 26 426 298
22 27 330 230
22 28 471 329
22 29 625 437
22 30 9 6
22 31 490 343
22 32 140 98
22 33 90 62
22 34 203 142
22 35 14 9
22 36 267 186
22 37 295 206
22 38 25 17
22 39 32 22
22 40 326 228
22 41 337 235
22 42 93 65
22 43 336 235
22 44 6 4
22 45 475 332
22 46 141 98
22 47 277 193
22 48 15 10
22 49 431 301
23 0 116 81
23 1 265 185
23 2 318 222
23 3 166 116
23 4 245 171
23 5 151 105
23 6 82 57
23 7 159 111
23 8 95 66
23 9 233 163
23 10 141 98
23 11 156 109
23 12 128 89
23 13 502 351
23 14 381 266
23 15 408 285
23 16 285 199
23 17 206 144
23 18 300 210
23 19 346 242
23 20 535 374
23 21 447 312
23 22 383 268
23 23 0 0
23 24 355 248
23 25 133 93
23 26 157 109
23 27 249 174
23 28 88 61
23 29 356 249
23 30 374 261
23 31 221 154
23 32 243 170
23 33 205 143
23 34 288 201
23 35 335 234
23 36 186 130
23 37 214 149
23 38 110 77
23 39 147 102
23 40 57 39
23 41 46 32
23 42 472 330
23 43 255 178
23 44 121 84
23 45 206 144
23 46 226 158
23 47 123 86
23 48 100 70
23 49 162 113
24 0 262 183
24 1 411 287
24 2 559 391
24 3 312 218
24 4 286 200
24 5 392 274
24 6 251 175
24 7 400 280
24 8 358 250
24 9 164 114
24 10 287 200
24 11 397 277
24 12 369 258
24 13 119 83
24 14 622 435
24 15 25 17
24 16 70 49
24 17 127 88
24 18 541 378
24 19 587 410
24 20 776 543
24 21 688 481
24 22 624 436
24 23 355 248
24 24 0 0
24 25 374 261
24 26 198 138
24 27 490 343
24 28 443 310
24 29 141 98
24 30 615 430
24 31 164 114
24 32 484 338
24 33 446 312
24 34 434 303
24 35 576 403
24 36 427 298
24 37 455 318
24 38 256 179
24 39 388 271
24 40 298 208
24 41 309 216
24 42 37 25
24 43 496 347
24 44 362 253
24 45 149 104
24 46 372 260
24 47 633 443
24 48 246 172
24 49 203 142
25 0 333 233
25 1 482 337
25 2 224 156
25 3 383 268
25 4 264 184
25 5 57 39
25 6 96 67
25 7 26 18
25 8 136 95
25 9 252 176
25 10 358 250
25 11 52 36
25 12 147 102
25 13 521 364
25 14 287 200
25 15 427 298
25 16 304 212
25 17 73 51
25 18 319 223
25 19 252 176
25 20 441 308
25 21 353 247
25 22 289 202
25 23 133 93
25 24 374 261
25 25 0 0
25 26 176 123
25 27 155 108
25 28 221 154
25 29 375 262
25 30 280 196
25 31 240 168
25 32 149 104
25 33 224 156
25 34 505 353
25 35 354 247
25 36 92 64
25 37 120 84
25 38 327 228
25 39 166 116
25 40 76 53
25 41 87 60
25 42 378 264
25 43 161 112
25 44 140 98
25 45 225 157
25 46 443 310
25 47 411 287
25 48 317 221
25 49 181 126
26 0 64 44
26 1 213 149
26 2 361 252
26 3 114 79
26 4 88 61
26 5 194 135
26 6 53 37
26 7 202 141
26 8 160 112
26 9 76 53
26 10 89 62
26 11 199 139
26 12 171 119
26 13 545 381
26 14 424 296
26 15 451 315
26 16 128 89
26 17 249 174
26 18 343 240
26 19 389 272
26 20 578 404
26 21 490 343
26 22 426 298
26 23 157 109
26 24 198 138
26 25 176 123
26 26 0 0
26 27 292 204
26 28 245 171
26 29 199 139
26 30 417 291
26 31 64 44
26 32 286 200
26 33 248 173
26 34 236 165
26 35 378 264
26 36 229 160
26 37 257 179
26 38 58 40
26 39 190 133
26 40 100 70
26 41 111 77
26 42 515 360
26 43 298 208
26 44 164 114
26 45 49 34
26 46 174 121
26 47 435 304
26 48 48 33
26 49 5 3
27 0 374 261
27 1 523 366
27 2 265 185
27 3 424 296
27 4 380 266
27 5 98 68
27 6 137 95
27 7 181 126
27 8 252 176
27 9 368 257
27 10 399 279
27 11 103 72
27 12 263 184
27 13 113 79
27 14 328 229
27 15 19 13
27 16 420 294
27 17 228 159
27 18 435 304
27 19 27 18
27 20 482 337
27 21 394 275
27 22 330 230
27 23 249 174
27 24 490 343
27 25 155 108
27 26 292 204
27 27 0 0
27 28 337 235
27 29 491 343
27 30 321 224
27 31 356 249
27 32 190 133
27 33 340 237
27 34 546 382
27 35 470 329
27 36 133 93
27 37 161 112
27 38 368 257
27 39 282 197
27 40 192 134
27 41 203 142
27 42 419 293
27 43 202 141
27 44 256 179
27 45 341 238
27 46 484 338
27 47 527 368
27 48 358 250
27 49 297 207
28 0 52 36
28 1 353 247
28 2 406 284
28 3 254 177
28 4 333 233
28 5 239 167
28 6 170 118
28 7 247 172
28 8 183 128
28 9 321 224
28 10 229 160
28 11 244 170
28 12 216 151
28 13 590 413
28 14 469 328
28 15 496 347
28 16 373 261
28 17 93 65
28 18 388 271
28 19 182 127
28 20 623 436
28 21 535 374
28 22 471 329
28 23 88 61
28 24 443 310
28 25 221 154
28 26 245 171
28 27 337 235
28 28 0 0
28 29 444 310
28 30 462 323
28 31 309 216
28 32 331 231
28 33 293 205
28 34 376 263
28 35 423 296
28 36 22 15
28 37 50 35
28 38 198 138
28 39 235 164
28 40 145 101
28 41 134 93
28 42 560 392
28 43 91 63
28 44 209 146
28 45 294 205
28 46 314 219
28 47 211 147
28 48 188 131
28 49 250 175
29 0 263 184
29 1 412 288
29 2 560 392
29 3 313 219
29 4 287 200
29 5 393 275
29 6 252 176
29 7 65 45
29 8 359 251
29 9 165 115
29 10 288 201
29 11 398 278
29 12 370 259
29 13 744 520
29 14 623 436
29 15 650 454
29 16 71 49
29 17 128 89
29 18 542 379
29 19 588 411
29 20 777 543
29 21 689 482
29 22 625 437
29 23 356 249
29 24 141 98
29 25 375 262
29 26 199 139
29 27 491 343
29 28 444 310
29 29 0 0
29 30 616 431
29 31 165 115
29 32 485 339
29 33 447 312
29 34 435 304
29 35 577 403
29 36 428 299
29 37 456 319
29 38 257 179
29 39 389 272
29 40 299 209
29 41 310 217
29 42 714 499
29 43 497 347
29 44 363 254
29 45 150 105
29 46 373 261
29 47 634 443
29 48 247 172
29 49 204 142
30 0 165 115
30 1 314 219
30 2 56 39
30 3 215 150
30 4 505 353
30 5 223 156
30 6 196 137
30 7 306 214
30 8 377 263
30 9 493 345
30 10 190 133
30 11 228 159
30 12 388 271
30 13 762 533
30 14 7 4
30 15 668 467
30 16 545 381
30 17 353 247
30 18 560 392
30 19 418 292
30 20 161 112
30 21 73 51
30 22 9 6
30 23 374 261
30 24 615 430
30 25 280 196
30 26 417 291
30 27 321 224
30 28 462 323
30 29 616 431
30 30 0 0
30 31 481 336
30 32 131 91
30 33 465 325
30 34 337 235
30 35 595 416
30 36 258 180
30 37 286 200
30 38 159 111
30 39 407 284
30 40 317 221
30 41 328 229
30 42 98 68
30 43 327 228
30 44 381 266
30 45 466 326
30 46 275 192
30 47 652 456
30 48 149 104
30 49 422 295
31 0 128 89
31 1 277 193
31 2 425 297
31 3 178 124
31 4 152 106
31 5 258 180
31 6 117 81
31 7 266 186
31 8 224 156
31 9 12 8
31 10 153 107
31 11 263 184
31 12 235 164
31 13 609 426
31 14 488 341
31 15 515 360
31 16 94 65
31 17 313 219
31 18 407 284
31 19 453 317
31 20 642 449
31 21 554 387
31 22 490 343
31 23 221 154
31 24 164 114
31 25 240 168
31 26 64 44
31 27 356 249
31 28 309 216
31 29 165 115
31 30 481 336
31 31 0 0
31 32 350 244
31 33 312 218
31 34 300 210
31 35 442 309
31 36 293 205
31 37 321 224
31 38 122 85
31 39 254 177
31 40 164 114
31 41 175 122
31 42 579 405
31 43 362 253
31 44 228 159
31 45 15 10
31 46 238 166
31 47 499 349
31 48 112 78
31 49 69 48
32 0 184 128
32 1 333 233
32 2 75 52
32 3 234 163
32 4 374 261
32 5 92 64
32 6 65 45
32 7 175 122
32 8 246 172
32 9 362 253
32 10 209 146
32 11 97 67
32 12 257 179
32 13 631 441
32 14 138 96
32 15 537 375
32 16 414 289
32 17 222 155
32 18 429 300
32 19 287 200
32 20 292 204
32 21 204 142
32 22 140 98
32 23 243 170
32 24 484 338
32 25 149 104
32 26 286 200
32 27 190 133
32 28 331 231
32 29 485 339
32 30 131 91
32 31 350 244
32 32 0 0
32 33 334 233
32 34 356 249
32 35 464 324
32 36 127 88
32 37 155 108
32 38 178 124
32 39 276 193
32 40 186 130
32 41 197 137
32 42 229 160
32 43 196 137
32 44 250 175
32 45 335 234
32 46 294 205
32 47 521 364
32 48 168 117
32 49 291 203
33 0 518 362
33 1 667 466
33 2 409 286
33 3 568 397
33 4 336 235
33 5 242 169
33 6 281 196
33 7 250 175
33 8 208 145
33 9 324 226
33 10 543 380
33 11 247 172
33 12 77 53
33 13 297 207
33 14 472 330
33 15 203 142
33 16 376 263
33 17 297 207
33 18 95 66
33 19 437 305
33 20 626 438
33 21 538 376
33 22 90 62
33 23 205 143
33 24 446 312
33 25 224 156
33 26 248 173
33 27 340 237
33 28 293 205
33 29 447 312
33 30 465 325
33 31 312 218
33 32 334 233
33 33 0 0
33 34 690 482
33 35 130 91
33 36 277 193
33 37 305 213
33 38 512 358
33 39 110 77
33 40 148 103
33 41 159 111
33 42 563 394
33 43 346 242
33 44 84 58
33 45 297 207
33 46 628 439
33 47 187 130
33 48 502 351
33 49 253 177
34 0 184 128
34 1 23 16
34 2 281 196
34 3 122 85
34 4 324 226
34 5 448 313
34 6 421 294
34 7 213 149
34 8 291 203
34 9 312 218
34 10 229 160
34 11 453 317
34 12 613 429
34 13 36 25
34 14 344 240
34 15 893 625
34 16 364 254
34 17 578 404
34 18 785 549
34 19 643 450
34 20 140 98
34 21 52 36
34 22 203 142
34 23 288 201
34 24 434 303
34 25 505 353
34 26 236 165
34 27 546 382
34 28 376 263
34 29 435 304
34 30 337 235
34 31 300 210
34 32 356 249
34 33 690 482
34 34 0 0
34 35 820 574
34 36 483 338
34 37 511 357
34 38 178 124
34 39 632 442
34 40 542 379
34 41 242 169
34 42 55 38
34 43 552 386
34 44 606 424
34 45 285 199
34 46 314 219
34 47 877 613
34 48 188 131
34 49 241 168
35 0 648 453
35 1 797 557
35 2 539 377
35 3 698 488
35 4 466 326
35 5 372 260
35 6 411 287
35 7 380 266
35 8 338 236
35 9 454 317
35 10 673 471
35 11 377 263
35 12 207 144
35 13 167 116
35 14 602 421
35 15 73 51
35 16 506 354
35 17 427 298
35 18 35 24
35 19 567 396
35 20 756 529
35 21 668 467
35 22 14 9
35 23 335 234
35 24 576 403
35 25 354 247
35 26 378 264
35 27 470 329
35 28 423 296
35 29 577 403
35 30 595 416
35 31 442 309
35 32 464 324
35 33 130 91
35 34 820 574
35 35 0 0
35 36 407 284
35 37 435 304
35 38 642 449
35 39 240 168
35 40 278 194
35 41 289 202
35 42 693 485
35 43 476 333
35 44 214 149
35 45 427 298
35 46 758 530
35 47 127 88
35 48 632 442
35 49 383 268
36 0 311 217
36 1 460 322
36 2 202 141
36 3 361 252
36 4 317 221
36 5 35 24
36 6 74 51
36 7 118 82
36 8 189 132
36 9 305 213
36 10 336 235
36 11 40 28
36 12 200 140
36 13 574 401
36 14 265 185
36 15 480 336
36 16 357 249
36 17 165 115
36 18 372 260
36 19 160 112
36 20 115 80
36 21 27 18
36 22 267 186
36 23 186 130
36 24 427 298
36 25 92 64
36 26 229 160
36 27 133 93
36 28 22 15
36 29 428 299
36 30 258 180
36 31 293 205
36 32 127 88
36 33 277 193
36 34 483 338
36 35 407 284
36 36 0 0
36 37 28 19
36 38 305 213
36 39 219 153
36 40 129 90
36 41 140 98
36 42 356 249
36 43 69 48
36 44 193 135
36 45 278 194
36 46 421 294
36 47 464 324
36 48 295 206
36 49 234 163
37 0 339 237
37 1 488 341
37 2 230 161
37 3 389 272
37 4 345 241
37 5 63 44
37 6 102 71
37 7 146 102
37 8 217 151
37 9 333 233
37 10 364 254
37 11 68 47
37 12 228 159
37 13 602 421
37 14 293 205
37 15 508 355
37 16 385 269
37 17 193 135
37 18 400 280
37 19 132 92
37 20 143 100
37 21 55 38
37 22 295 206
37 23 214 149
37 24 455 318
37 25 120 84
37 26 257 179
37 27 161 112
37 28 50 35
37 29 456 319
37 30 286 200
37 31 321 224
37 32 155 108
37 33 305 213
37 34 511 357
37 35 435 304
37 36 28 19
37 37 0 0
37 38 333 233
37 39 247 172
37 40 157 109
37 41 168 117
37 42 384 268
37 43 41 28
37 44 221 154
37 45 306 214
37 46 449 314
37 47 492 344
37 48 323 226
37 49 262 183
38 0 6 4
38 1 155 108
38 2 103 72
38 3 56 39
38 4 146 102
38 5 270 189
38 6 243 170
38 7 35 24
38 8 113 79
38 9 134 93
38 10 51 35
38 11 275 192
38 12 435 304
38 13 809 566
38 14 166 116
38 15 715 500
38 16 186 130
38 17 400 280
38 18 607 424
38 19 465 325
38 20 320 224
38 21 232 162
38 22 25 17
38 23 110 77
38 24 256 179
38 25 327 228
38 26 58 40
38 27 368 257
38 28 198 138
38 29 257 179
38 30 159 111
38 31 122 85
38 32 178 124
38 33 512 358
38 34 178 124
38 35 642 449
38 36 305 213
38 37 333 233
38 38 0 0
38 39 454 317
38 40 364 254
38 41 64 44
38 42 257 179
38 43 374 261
38 44 428 299
38 45 107 74
38 46 136 95
38 47 699 489
38 48 10 7
38 49 63 44
39 0 460 322
39 1 609 426
39 2 351 245
39 3 510 357
39 4 278 194
39 5 184 128
39 6 223 156
39 7 192 134
39 8 43 30
39 9 10 7
39 10 485 339
39 11 189 132
39 12 33 23
39 13 143 100
39 14 414 289
39 15 49 34
39 16 318 222
39 17 47 32
39 18 205 143
39 19 379 265
39 20 568 397
39 21 480 336
39 22 32 22
39 23 147 102
39 24 388 271
39 25 166 116
39 26 190 133
39 27 282 197
39 28 235 164
39 29 389 272
39 30 407 284
39 31 254 177
39 32 276 193
39 33 110 77
39 34 632 442
39 35 240 168
39 36 219 153
39 37 247 172
39 38 454 317
39 39 0 0
39 40 90 62
39 41 101 70
39 42 505 353
39 43 288 201
39 44 26 18
39 45 239 167
39 46 570 399
39 47 297 207
39 48 444 310
39 49 195 136
40 0 370 259
40 1 519 363
40 2 261 182
40 3 420 294
40 4 188 131
40 5 94 65
40 6 133 93
40 7 102 71
40 8 60 42
40 9 176 123
40 10 395 276
40 11 99 69
40 12 71 49
40 13 445 311
40 14 324 226
40 15 351 245
40 16 228 159
40 17 149 104
40 18 243 170
40 19 289 202
40 20 478 334
40 21 390 273
40 22 326 228
40 23 57 39
40 24 298 208
40 25 76 53
40 26 100 70
40 27 192 134
40 28 145 101
40 29 299 209
40 30 317 221
40 31 164 114
40 32 186 130
40 33 148 103
40 34 542 379
40 35 278 194
40 36 129 90
40 37 157 109
40 38 364 254
40 39 90 62
40 40 0 0
40 41 11 7
40 42 415 290
40 43 198 138
40 44 64 44
40 45 149 104
40 46 480 336
40 47 335 234
40 48 354 247
40 49 105 73
41 0 70 49
41 1 219 153
41 2 272 190
41 3 120 84
41 4 199 139
41 5 105 73
41 6 144 100
41 7 113 79
41 8 49 34
41 9 187 130
41 10 95 66
41 11 110 77
41 12 82 57
41 13 456 319
41 14 335 234
41 15 362 253
41 16 239 167
41 17 160 112
41 18 254 177
41 19 300 210
41 20 489 342
41 21 401 280
41 22 337 235
41 23 46 32
41 24 309 216
41 25 87 60
41 26 111 77
41 27 203 142
41 28 134 93
41 29 310 217
41 30 328 229
41 31 175 122
41 32 197 137
41 33 159 111
41 34 242 169
41 35 289 202
41 36 140 98
41 37 168 117
41 38 64 44
41 39 101 70
41 40 11 7
41 41 0 0
41 42 426 298
41 43 209 146
41 44 75 52
41 45 160 112
41 46 180 125
41 47 77 53
41 48 54 37
41 49 116 81
42 0 263 184
42 1 32 22
42 2 154 107
42 3 313 219
42 4 603 422
42 5 321 224
42 6 294 205
42 7 404 282
42 8 475 332
42 9 20 14
42 10 288 201
42 11 326 228
42 12 486 340
42 13 860 602
42 14 91 63
42 15 766 536
42 16 643 450
42 17 451 315
42 18 658 460
42 19 516 361
42 20 259 181
42 21 171 119
42 22 93 65
42 23 472 330
42 24 37 25
42 25 378 264
42 26 515 360
42 27 419 293
42 28 560 392
42 29 714 499
42 30 98 68
42 31 579 405
42 32 229 160
42 33 563 394
42 34 55 38
42 35 693 485
42 36 356 249
42 37 384 268
42 38 257 179
42 39 505 353
42 40 415 290
42 41 426 298
42 42 0 0
42 43 425 297
42 44 479 335
42 45 564 394
42 46 373 261
42 47 750 525
42 48 247 172
42 49 520 364
43 0 380 266
43 1 529 370
43 2 271 189
43 3 430 301
43 4 386 270
43 5 104 72
43 6 143 100
43 7 187 130
43 8 258 180
43 9 374 261
43 10 405 283
43 11 109 76
43 12 269 188
43 13 643 450
43 14 334 233
43 15 549 384
43 16 426 298
43 17 234 163
43 18 441 308
43 19 91 63
43 20 184 128
43 21 96 67
43 22 336 235
43 23 255 178
43 24 496 347
43 25 161 112
43 26 298 208
43 27 202 141
43 28 91 63
43 29 497 347
43 30 327 228
43 31 362 253
43 32 196 137
43 33 346 242
43 34 552 386
43 35 476 333
43 36 69 48
43 37 41 28
43 38 374 261
43 39 288 201
43 40 198 138
43 41 209 146
43 42 425 297
43 43 0 0
43 44 262 183
43 45 347 242
43 46 490 343
43 47 533 373
43 48 364 254
43 49 303 212
44 0 434 303
44 1 583 408
44 2 325 227
44 3 484 338
44 4 252 176
44 5 158 110
44 6 197 137
44 7 166 116
44 8 124 86
44 9 240 168
44 10 459 321
44 11 163 114
44 12 7 4
44 13 381 266
44 14 388 271
44 15 287 200
44 16 292 204
44 17 213 149
44 18 179 125
44 19 353 247
44 20 542 379
44 21 454 317
44 22 6 4
44 23 121 84
44 24 362 253
44 25 140 98
44 26 164 114
44 27 256 179
44 28 209 146
44 29 363 254
44 30 381 266
44 31 228 159
44 32 250 175
44 33 84 58
44 34 606 424
44 35 214 149
44 36 193 135
44 37 221 154
44 38 428 299
44 39 26 18
44 40 64 44
44 41 75 52
44 42 479 335
44 43 262 183
44 44 0 0
44 45 213 149
44 46 544 380
44 47 271 189
44 48 418 292
44 49 169 118
45 0 113 79
45 1 262 183
45 2 410 287
45 3 163 114
45 4 137 95
45 5 243 170
45 6 102 71
45 7 251 175
45 8 209 146
45 9 27 18
45 10 138 96
45 11 248 173
45 12 220 154
45 13 594 415
45 14 473 331
45 15 500 350
45 16 79 55
45 17 298 208
45 18 392 274
45 19 438 306
45 20 627 438
45 21 539 377
45 22 475 332
45 23 206 144
45 24 149 104
45 25 225 157
45 26 49 34
45 27 341 238
45 28 294 205
45 29 150 105
45 30 466 326
45 31 15 10
45 32 335 234
45 33 297 207
45 34 285 199
45 35 427 298
45 36 278 194
45 37 306 214
45 38 107 74
45 39 239 167
45 40 149 104
45 41 160 112
45 42 564 394
45 43 347 242
45 44 213 149
45 45 0 0
45 46 223 156
45 47 484 338
45 48 97 67
45 49 54 37
46 0 142 99
46 1 291 203
46 2 219 153
46 3 192 134
46 4 126 88
46 5 386 270
46 6 359 251
46 7 469 328
46 8 229 160
46 9 250 175
46 10 85 59
46 11 391 273
46 12 551 385
46 13 925 647
46 14 282 197
46 15 831 581
46 16 302 211
46 17 516 361
46 18 723 506
46 19 581 406
46 20 56 39
46 21 348 243
46 22 141 98
46 23 226 158
46 24 372 260
46 25 443 310
46 26 174 121
46 27 484 338
46 28 314 219
46 29 373 261
46 30 275 192
46 31 238 166
46 32 294 205
46 33 628 439
46 34 314 219
46 35 758 530
46 36 421 294
46 37 449 314
46 38 136 95
46 39 570 399
46 40 480 336
46 41 180 125
46 42 373 261
46 43 490 343
46 44 544 380
46 45 223 156
46 46 0 0
46 47 815 570
46 48 126 88
46 49 179 125
47 0 705 493
47 1 854 597
47 2 596 417
47 3 755 528
47 4 523 366
47 5 429 300
47 6 468 327
47 7 437 305
47 8 126 88
47 9 511 357
47 10 730 510
47 11 434 303
47 12 264 184
47 13 294 205
47 14 659 461
47 15 200 140
47 16 563 394
47 17 484 338
47 18 92 64
47 19 624 436
47 20 1 0
47 21 725 507
47 22 277 193
47 23 123 86
47 24 633 443
47 25 411 287
47 26 435 304
47 27 527 368
47 28 211 147
47 29 634 443
47 30 652 456
47 31 499 349
47 32 521 364
47 33 187 130
47 34 877 613
47 35 127 88
47 36 464 324
47 37 492 344
47 38 699 489
47 39 297 207
47 40 335 234
47 41 77 53
47 42 750 525
47 43 533 373
47 44 271 189
47 45 484 338
47 46 815 570
47 47 0 0
47 48 689 482
47 49 440 308
48 0 16 11
48 1 165 115
48 2 93 65
48 3 66 46
48 4 136 95
48 5 260 182
48 6 233 163
48 7 343 240
48 8 103 72
48 9 124 86
48 10 41 28
48 11 265 185
48 12 425 297
48 13 799 559
48 14 156 109
48 15 705 493
48 16 176 123
48 17 390 273
48 18 597 417
48 19 455 318
48 20 310 217
48 21 222 155
48 22 15 10
48 23 100 70
48 24 246 172
48 25 317 221
48 26 48 33
48 27 358 250
48 28 188 131
48 29 247 172
48 30 149 104
48 31 112 78
48 32 168 117
48 33 502 351
48 34 188 131
48 35 632 442
48 36 295 206
48 37 323 226
48 38 10 7
48 39 444 310
48 40 354 247
48 41 54 37
48 42 247 172
48 43 364 254
48 44 418 292
48 45 97 67
48 46 126 88
48 47 689 482
48 48 0 0
48 49 53 37
49 0 63 44
49 1 218 152
49 2 366 256
49 3 119 83
49 4 83 58
49 5 199 139
49 6 58 40
49 7 207 144
49 8 165 115
49 9 81 56
49 10 94 65
49 11 204 142
49 12 176 123
49 13 550 385
49 14 429 300
49 15 456 319
49 16 133 93
49 17 254 177
49 18 348 243
49 19 394 275
49 20 583 408
49 21 495 346
49 22 431 301
49 23 162 113
49 24 203 142
49 25 181 126
49 26 5 3
49 27 297 207
49 28 250 175
49 29 204 142
49 30 422 295
49 31 69 48
49 32 291 203
49 33 253 177
49 34 241 168
49 35 383 268
49 36 234 163
49 37 262 183
49 38 63 44
49 39 195 136
49 40 105 73
49 41 116 81
49 42 520 364
49 43 303 212
49 44 169 118
49 45 54 37
49 46 179 125
49 47 440 308
49 48 53 37
49 49 0 0
