50
#Cost for establishing sourceNodes and maximum limit of nodes
0 34 20
1 103 13
2 8 15
3 42 5
4 109 14
5 17 2
6 12 5
7 14 20
8 36 8
9 5 18
10 20 3
11 90 18
12 16 5
13 147 15
14 20 21
15 59 7
16 27 5
17 124 25
18 29 15
19 41 5
20 185 19
21 64 8
22 9 1
23 29 20
24 137 17
25 18 7
26 143 17
27 14 23
28 20 19
29 98 11
30 63 24
31 159 20
32 197 24
33 164 20
34 88 22
35 53 14
36 130 23
37 119 13
38 6 1
39 20 10
40 164 19
41 27 5
42 69 16
43 6 6
44 74 12
45 12 5
46 144 20
47 68 20
48 14 6
49 3 4

#Distance and cable cost for each pair of nodes
0 0 0 0
0 1 84 58
0 2 216 151
0 3 189 132
0 4 258 180
0 5 329 230
0 6 320 224
0 7 310 217
0 8 138 96
0 9 380 266
0 10 395 276
0 11 218 152
0 12 9 6
0 13 197 137
0 14 184 128
0 15 156 109
0 16 180 125
0 17 29 20
0 18 474 331
0 19 246 172
0 20 391 273
0 21 285 199
0 22 559 391
0 23 491 343
0 24 264 184
0 25 287 200
0 26 270 189
0 27 368 257
0 28 116 81
0 29 136 95
0 30 96 67
0 31 127 88
0 32 68 47
0 33 152 106
0 34 229 160
0 35 280 196
0 36 244 170
0 37 47 32
0 38 303 212
0 39 346 242
0 40 143 100
0 41 170 118
0 42 129 90
0 43 447 312
0 44 302 211
0 45 194 135
0 46 192 134
0 47 363 254
0 48 211 147
0 49 332 232
1 0 84 58
1 1 0 0
1 2 374 261
1 3 105 73
1 4 174 121
1 5 245 171
1 6 236 165
1 7 226 158
1 8 296 207
1 9 538 376
1 10 311 217
1 11 134 93
1 12 75 52
1 13 113 79
1 14 342 239
1 15 314 219
1 16 338 236
1 17 95 66
1 18 390 273
1 19 404 282
1 20 307 214
1 21 201 140
1 22 475 332
1 23 407 284
1 24 180 125
1 25 445 311
1 26 186 130
1 27 284 198
1 28 274 191
1 29 294 205
1 30 162 113
1 31 285 199
1 32 81 56
1 33 310 217
1 34 145 101
1 35 196 137
1 36 160 112
1 37 205 143
1 38 219 153
1 39 262 183
1 40 59 41
1 41 86 60
1 42 45 31
1 43 363 254
1 44 218 152
1 45 352 246
1 46 350 244
1 47 279 195
1 48 127 88
1 49 490 343
2 0 216 151
2 1 374 261
2 2 0 0
2 3 289 202
2 4 358 250
2 5 429 300
2 6 215 150
2 7 410 287
2 8 118 82
2 9 360 251
2 10 147 102
2 11 138 96
2 12 449 314
2 13 487 340
2 14 88 61
2 15 60 42
2 16 160 112
2 17 469 328
2 18 226 158
2 19 226 158
2 20 491 343
2 21 575 402
2 22 311 217
2 23 243 170
2 24 159 111
2 25 267 186
2 26 370 259
2 27 263 184
2 28 96 67
2 29 80 56
2 30 536 375
2 31 89 62
2 32 455 318
2 33 64 44
2 34 124 86
2 35 380 266
2 36 214 149
2 37 169 118
2 38 403 282
2 39 446 312
2 40 243 170
2 41 288 201
2 42 419 293
2 43 342 239
2 44 402 281
2 45 174 121
2 46 172 120
2 47 463 324
2 48 329 230
2 49 312 218
3 0 189 132
3 1 105 73
3 2 289 202
3 3 0 0
3 4 69 48
3 5 140 98
3 6 223 156
3 7 121 84
3 8 211 147
3 9 453 317
3 10 206 144
3 11 121 84
3 12 180 125
3 13 218 152
3 14 257 179
3 15 229 160
3 16 253 177
3 17 200 140
3 18 285 199
3 19 319 223
3 20 202 141
3 21 306 214
3 22 370 259
3 23 302 211
3 24 167 116
3 25 360 251
3 26 81 56
3 27 271 189
3 28 189 132
3 29 209 146
3 30 267 186
3 31 200 140
3 32 186 130
3 33 225 157
3 34 132 92
3 35 91 63
3 36 75 52
3 37 120 84
3 38 114 79
3 39 157 109
3 40 46 32
3 41 191 133
3 42 150 105
3 43 350 244
3 44 113 79
3 45 267 186
3 46 265 185
3 47 174 121
3 48 232 162
3 49 405 283
4 0 258 180
4 1 174 121
4 2 358 250
4 3 69 48
4 4 0 0
4 5 209 146
4 6 292 204
4 7 52 36
4 8 280 196
4 9 522 365
4 10 32 22
4 11 190 133
4 12 249 174
4 13 287 200
4 14 326 228
4 15 298 208
4 16 322 225
4 17 269 188
4 18 111 77
4 19 388 271
4 20 28 19
4 21 375 262
4 22 196 137
4 23 128 89
4 24 236 165
4 25 429 300
4 26 150 105
4 27 340 237
4 28 258 180
4 29 278 194
4 30 336 235
4 31 269 188
4 32 255 178
4 33 294 205
4 34 201 140
4 35 160 112
4 36 144 100
4 37 189 132
4 38 183 128
4 39 226 158
4 40 115 80
4 41 260 182
4 42 219 153
4 43 419 293
4 44 182 127
4 45 336 235
4 46 334 233
4 47 21 14
4 48 301 210
4 49 36 25
5 0 329 230
5 1 245 171
5 2 429 300
5 3 140 98
5 4 209 146
5 5 0 0
5 6 363 254
5 7 261 182
5 8 351 245
5 9 593 415
5 10 66 46
5 11 261 182
5 12 320 224
5 13 358 250
5 14 397 277
5 15 369 258
5 16 393 275
5 17 340 237
5 18 145 101
5 19 459 321
5 20 62 43
5 21 446 312
5 22 230 161
5 23 162 113
5 24 307 214
5 25 500 350
5 26 59 41
5 27 411 287
5 28 329 230
5 29 349 244
5 30 407 284
5 31 340 237
5 32 326 228
5 33 365 255
5 34 272 190
5 35 69 48
5 36 215 150
5 37 260 182
5 38 60 42
5 39 48 33
5 40 186 130
5 41 331 231
5 42 290 203
5 43 490 343
5 44 27 18
5 45 407 284
5 46 405 283
5 47 152 106
5 48 372 260
5 49 545 381
6 0 320 224
6 1 236 165
6 2 215 150
6 3 223 156
6 4 292 204
6 5 363 254
6 6 0 0
6 7 344 240
6 8 342 239
6 9 584 408
6 10 429 300
6 11 252 176
6 12 311 217
6 13 349 244
6 14 183 128
6 15 155 108
6 16 384 268
6 17 331 231
6 18 174 121
6 19 450 315
6 20 425 297
6 21 84 58
6 22 593 415
6 23 525 367
6 24 56 39
6 25 491 343
6 26 304 212
6 27 48 33
6 28 320 224
6 29 135 94
6 30 398 278
6 31 126 88
6 32 317 221
6 33 151 105
6 34 91 63
6 35 84 58
6 36 206 144
6 37 251 175
6 38 337 235
6 39 380 266
6 40 177 123
6 41 322 225
6 42 281 196
6 43 127 88
6 44 336 235
6 45 398 278
6 46 396 277
6 47 397 277
6 48 363 254
6 49 536 375
7 0 310 217
7 1 226 158
7 2 410 287
7 3 121 84
7 4 52 36
7 5 261 182
7 6 344 240
7 7 0 0
7 8 332 232
7 9 574 401
7 10 84 58
7 11 242 169
7 12 301 210
7 13 339 237
7 14 378 264
7 15 350 244
7 16 374 261
7 17 321 224
7 18 163 114
7 19 440 308
7 20 80 56
7 21 427 298
7 22 248 173
7 23 180 125
7 24 288 201
7 25 481 336
7 26 202 141
7 27 392 274
7 28 310 217
7 29 330 230
7 30 92 64
7 31 321 224
7 32 307 214
7 33 346 242
7 34 253 177
7 35 212 148
7 36 196 137
7 37 241 168
7 38 235 164
7 39 278 194
7 40 167 116
7 41 312 218
7 42 271 189
7 43 471 329
7 44 234 163
7 45 388 271
7 46 386 270
7 47 73 51
7 48 353 247
7 49 88 61
8 0 138 96
8 1 296 207
8 2 118 82
8 3 211 147
8 4 280 196
8 5 351 245
8 6 342 239
8 7 332 232
8 8 0 0
8 9 242 169
8 10 417 291
8 11 240 168
8 12 371 259
8 13 409 286
8 14 228 159
8 15 200 140
8 16 42 29
8 17 391 273
8 18 496 347
8 19 108 75
8 20 413 289
8 21 497 347
8 22 581 406
8 23 513 359
8 24 286 200
8 25 149 104
8 26 292 204
8 27 390 273
8 28 22 15
8 29 180 125
8 30 458 320
8 31 171 119
8 32 377 263
8 33 196 137
8 34 251 175
8 35 302 211
8 36 136 95
8 37 91 63
8 38 325 227
8 39 368 257
8 40 165 115
8 41 210 147
8 42 341 238
8 43 469 328
8 44 324 226
8 45 56 39
8 46 54 37
8 47 385 269
8 48 251 175
8 49 194 135
9 0 380 266
9 1 538 376
9 2 360 251
9 3 453 317
9 4 522 365
9 5 593 415
9 6 584 408
9 7 574 401
9 8 242 169
9 9 0 0
9 10 54 37
9 11 482 337
9 12 613 429
9 13 651 455
9 14 470 329
9 15 442 309
9 16 284 198
9 17 633 443
9 18 133 93
9 19 134 93
9 20 655 458
9 21 739 517
9 22 218 152
9 23 150 105
9 24 528 369
9 25 93 65
9 26 534 373
9 27 632 442
9 28 264 184
9 29 422 295
9 30 256 179
9 31 413 289
9 32 619 433
9 33 438 306
9 34 493 345
9 35 544 380
9 36 378 264
9 37 333 233
9 38 567 396
9 39 610 427
9 40 407 284
9 41 452 316
9 42 583 408
9 43 711 497
9 44 566 396
9 45 186 130
9 46 188 131
9 47 627 438
9 48 493 345
9 49 138 96
10 0 395 276
10 1 311 217
10 2 147 102
10 3 206 144
10 4 32 22
10 5 66 46
10 6 429 300
10 7 84 58
10 8 417 291
10 9 54 37
10 10 0 0
10 11 327 228
10 12 386 270
10 13 93 65
10 14 115 80
10 15 87 60
10 16 11 7
10 17 406 284
10 18 79 55
10 19 525 367
10 20 4 2
10 21 181 126
10 22 164 114
10 23 96 67
10 24 373 261
10 25 566 396
10 26 125 87
10 27 477 333
10 28 395 276
10 29 415 290
10 30 72 50
10 31 406 284
10 32 392 274
10 33 83 58
10 34 338 236
10 35 135 94
10 36 281 196
10 37 326 228
10 38 126 88
10 39 114 79
10 40 252 176
10 41 397 277
10 42 25 17
10 43 556 389
10 44 93 65
10 45 473 331
10 46 471 329
10 47 218 152
10 48 438 306
10 49 611 427
11 0 218 152
11 1 134 93
11 2 138 96
11 3 121 84
11 4 190 133
11 5 261 182
11 6 252 176
11 7 242 169
11 8 240 168
11 9 482 337
11 10 327 228
11 11 0 0
11 12 209 146
11 13 247 172
11 14 16 11
11 15 78 54
11 16 282 197
11 17 229 160
11 18 17 11
11 19 348 243
11 20 323 226
11 21 335 234
11 22 491 343
11 23 423 296
11 24 196 137
11 25 389 272
11 26 202 141
11 27 300 210
11 28 218 152
11 29 58 40
11 30 296 207
11 31 49 34
11 32 215 150
11 33 74 51
11 34 161 112
11 35 212 148
11 36 104 72
11 37 149 104
11 38 235 164
11 39 278 194
11 40 75 52
11 41 220 154
11 42 179 125
11 43 379 265
11 44 234 163
11 45 296 207
11 46 294 205
11 47 295 206
11 48 261 182
11 49 434 303
12 0 9 6
12 1 75 52
12 2 449 314
12 3 180 125
12 4 249 174
12 5 320 224
12 6 311 217
12 7 301 210
12 8 371 259
12 9 613 429
12 10 386 270
12 11 209 146
12 12 0 0
12 13 188 131
12 14 417 291
12 15 389 272
12 16 413 289
12 17 20 14
12 18 465 325
12 19 479 335
12 20 382 267
12 21 276 193
12 22 550 385
12 23 482 337
12 24 255 178
12 25 520 364
12 26 261 182
12 27 359 251
12 28 349 244
12 29 369 258
12 30 87 60
12 31 360 251
12 32 6 4
12 33 385 269
12 34 220 154
12 35 271 189
12 36 235 164
12 37 280 196
12 38 294 205
12 39 337 235
12 40 134 93
12 41 161 112
12 42 120 84
12 43 438 306
12 44 293 205
12 45 427 298
12 46 425 297
12 47 354 247
12 48 202 141
12 49 565 395
13 0 197 137
13 1 113 79
13 2 487 340
13 3 218 152
13 4 287 200
13 5 358 250
13 6 349 244
13 7 339 237
13 8 409 286
13 9 651 455
13 10 93 65
13 11 247 172
13 12 188 131
13 13 0 0
13 14 455 318
13 15 427 298
13 16 451 315
13 17 208 145
13 18 172 120
13 19 517 361
13 20 89 62
13 21 88 61
13 22 257 179
13 23 189 132
13 24 293 205
13 25 558 390
13 26 299 209
13 27 397 277
13 28 387 270
13 29 407 284
13 30 275 192
13 31 398 278
13 32 81 56
13 33 423 296
13 34 258 180
13 35 309 216
13 36 273 191
13 37 318 222
13 38 332 232
13 39 375 262
13 40 172 120
13 41 199 139
13 42 68 47
13 43 476 333
13 44 331 231
13 45 465 325
13 46 463 324
13 47 392 274
13 48 240 168
13 49 603 422
14 0 184 128
14 1 342 239
14 2 88 61
14 3 257 179
14 4 326 228
14 5 397 277
14 6 183 128
14 7 378 264
14 8 228 159
14 9 470 329
14 10 115 80
14 11 16 11
14 12 417 291
14 13 455 318
14 14 0 0
14 15 28 19
14 16 270 189
14 17 437 305
14 18 194 135
14 19 336 235
14 20 459 321
14 21 543 380
14 22 117 81
14 23 49 34
14 24 127 88
14 25 377 263
14 26 338 236
14 27 231 161
14 28 206 144
14 29 48 33
14 30 504 352
14 31 57 39
14 32 423 296
14 33 32 22
14 34 92 64
14 35 348 243
14 36 182 127
14 37 137 95
14 38 371 259
14 39 414 289
14 40 211 147
14 41 256 179
14 42 387 270
14 43 310 217
14 44 370 259
14 45 284 198
14 46 282 197
14 47 431 301
14 48 297 207
14 49 422 295
15 0 156 109
15 1 314 219
15 2 60 42
15 3 229 160
15 4 298 208
15 5 369 258
15 6 155 108
15 7 350 244
15 8 200 140
15 9 442 309
15 10 87 60
15 11 78 54
15 12 389 272
15 13 427 298
15 14 28 19
15 15 0 0
15 16 242 169
15 17 409 286
15 18 166 116
15 19 308 215
15 20 431 301
15 21 515 360
15 22 251 175
15 23 183 128
15 24 99 69
15 25 349 244
15 26 310 217
15 27 203 142
15 28 178 124
15 29 20 14
15 30 476 333
15 31 29 20
15 32 395 276
15 33 4 2
15 34 64 44
15 35 320 224
15 36 154 107
15 37 109 76
15 38 343 240
15 39 386 270
15 40 183 128
15 41 228 159
15 42 359 251
15 43 282 197
15 44 342 239
15 45 256 179
15 46 254 177
15 47 403 282
15 48 269 188
15 49 394 275
16 0 180 125
16 1 338 236
16 2 160 112
16 3 253 177
16 4 322 225
16 5 393 275
16 6 384 268
16 7 374 261
16 8 42 29
16 9 284 198
16 10 11 7
16 11 282 197
16 12 413 289
16 13 451 315
16 14 270 189
16 15 242 169
16 16 0 0
16 17 433 303
16 18 90 62
16 19 150 105
16 20 455 318
16 21 539 377
16 22 93 65
16 23 107 74
16 24 328 229
16 25 191 133
16 26 334 233
16 27 432 302
16 28 64 44
16 29 222 155
16 30 500 350
16 31 213 149
16 32 419 293
16 33 238 166
16 34 293 205
16 35 42 29
16 36 178 124
16 37 133 93
16 38 367 256
16 39 410 287
16 40 207 144
16 41 252 176
16 42 383 268
16 43 511 357
16 44 366 256
16 45 98 68
16 46 96 67
16 47 427 298
16 48 293 205
16 49 236 165
17 0 29 20
17 1 95 66
17 2 469 328
17 3 200 140
17 4 269 188
17 5 340 237
17 6 331 231
17 7 321 224
17 8 391 273
17 9 633 443
17 10 406 284
17 11 229 160
17 12 20 14
17 13 208 145
17 14 437 305
17 15 409 286
17 16 433 303
17 17 0 0
17 18 485 339
17 19 499 349
17 20 402 281
17 21 296 207
17 22 570 399
17 23 502 351
17 24 275 192
17 25 540 378
17 26 281 196
17 27 379 265
17 28 369 258
17 29 389 272
17 30 107 74
17 31 380 266
17 32 26 18
17 33 405 283
17 34 240 168
17 35 291 203
17 36 255 178
17 37 300 210
17 38 314 219
17 39 357 249
17 40 154 107
17 41 181 126
17 42 140 98
17 43 458 320
17 44 313 219
17 45 447 312
17 46 445 311
17 47 374 261
17 48 222 155
17 49 585 409
18 0 474 331
18 1 390 273
18 2 226 158
18 3 285 199
18 4 111 77
18 5 145 101
18 6 174 121
18 7 163 114
18 8 496 347
18 9 133 93
18 10 79 55
18 11 17 11
18 12 465 325
18 13 172 120
18 14 194 135
18 15 166 116
18 16 90 62
18 17 485 339
18 18 0 0
18 19 604 422
18 20 83 58
18 21 260 182
18 22 243 170
18 23 175 122
18 24 118 82
18 25 645 451
18 26 204 142
18 27 222 155
18 28 474 331
18 29 494 345
18 30 151 105
18 31 485 339
18 32 471 329
18 33 162 113
18 34 83 58
18 35 214 149
18 36 360 251
18 37 405 283
18 38 205 143
18 39 193 135
18 40 331 231
18 41 476 333
18 42 104 72
18 43 301 210
18 44 172 120
18 45 552 386
18 46 550 385
18 47 297 207
18 48 517 361
18 49 690 482
19 0 246 172
19 1 404 282
19 2 226 158
19 3 319 223
19 4 388 271
19 5 459 321
19 6 450 315
19 7 440 308
19 8 108 75
19 9 134 93
19 10 525 367
19 11 348 243
19 12 479 335
19 13 517 361
19 14 336 235
19 15 308 215
19 16 150 105
19 17 499 349
19 18 604 422
19 19 0 0
19 20 521 364
19 21 605 423
19 22 689 482
19 23 621 434
19 24 394 275
19 25 41 28
19 26 400 280
19 27 498 348
19 28 130 91
19 29 288 201
19 30 122 85
19 31 279 195
19 32 485 339
19 33 304 212
19 34 359 251
19 35 410 287
19 36 244 170
19 37 199 139
19 38 433 303
19 39 476 333
19 40 273 191
19 41 318 222
19 42 449 314
19 43 577 403
19 44 432 302
19 45 52 36
19 46 54 37
19 47 493 345
19 48 359 251
19 49 86 60
20 0 391 273
20 1 307 214
20 2 491 343
20 3 202 141
20 4 28 19
20 5 62 43
20 6 425 297
20 7 80 56
20 8 413 289
20 9 655 458
20 10 4 2
20 11 323 226
20 12 382 267
20 13 89 62
20 14 459 321
20 15 431 301
20 16 455 318
20 17 402 281
20 18 83 58
20 19 521 364
20 20 0 0
20 21 177 123
20 22 168 117
20 23 100 70
20 24 369 258
20 25 562 393
20 26 121 84
20 27 473 331
20 28 391 273
20 29 411 287
20 30 68 47
20 31 402 281
20 32 388 271
20 33 427 298
20 34 334 233
20 35 131 91
20 36 277 193
20 37 322 225
20 38 122 85
20 39 110 77
20 40 248 173
20 41 393 275
20 42 21 14
20 43 552 386
20 44 89 62
20 45 469 328
20 46 467 326
20 47 214 149
20 48 434 303
20 49 607 424
21 0 285 199
21 1 201 140
21 2 575 402
21 3 306 214
21 4 375 262
21 5 446 312
21 6 84 58
21 7 427 298
21 8 497 347
21 9 739 517
21 10 181 126
21 11 335 234
21 12 276 193
21 13 88 61
21 14 543 380
21 15 515 360
21 16 539 377
21 17 296 207
21 18 260 182
21 19 605 423
21 20 177 123
21 21 0 0
21 22 345 241
21 23 277 193
21 24 28 19
21 25 646 452
21 26 387 270
21 27 132 92
21 28 475 332
21 29 495 346
21 30 363 254
21 31 486 340
21 32 169 118
21 33 511 357
21 34 346 242
21 35 397 277
21 36 361 252
21 37 406 284
21 38 420 294
21 39 463 324
21 40 260 182
21 41 287 200
21 42 156 109
21 43 52 36
21 44 419 293
21 45 553 387
21 46 551 385
21 47 480 336
21 48 14 9
21 49 691 483
22 0 559 391
22 1 475 332
22 2 311 217
22 3 370 259
22 4 196 137
22 5 230 161
22 6 593 415
22 7 248 173
22 8 581 406
22 9 218 152
22 10 164 114
22 11 491 343
22 12 550 385
22 13 257 179
22 14 117 81
22 15 251 175
22 16 93 65
22 17 570 399
22 18 243 170
22 19 689 482
22 20 168 117
22 21 345 241
22 22 0 0
22 23 68 47
22 24 537 375
22 25 730 510
22 26 289 202
22 27 641 448
22 28 559 391
22 29 579 405
22 30 236 165
22 31 570 399
22 32 556 389
22 33 247 172
22 34 502 351
22 35 140 98
22 36 445 311
22 37 490 343
22 38 290 203
22 39 18 12
22 40 416 291
22 41 561 392
22 42 189 132
22 43 720 503
22 44 257 179
22 45 637 445
22 46 635 444
22 47 382 267
22 48 602 421
22 49 775 542
23 0 491 343
23 1 407 284
23 2 243 170
23 3 302 211
23 4 128 89
23 5 162 113
23 6 525 367
23 7 180 125
23 8 513 359
23 9 150 105
23 10 96 67
23 11 423 296
23 12 482 337
23 13 189 132
23 14 49 34
23 15 183 128
23 16 107 74
23 17 502 351
23 18 175 122
23 19 621 434
23 20 100 70
23 21 277 193
23 22 68 47
23 23 0 0
23 24 469 328
23 25 662 463
23 26 221 154
23 27 573 401
23 28 491 343
23 29 511 357
23 30 168 117
23 31 502 351
23 32 488 341
23 33 179 125
23 34 434 303
23 35 72 50
23 36 377 263
23 37 422 295
23 38 222 155
23 39 210 147
23 40 348 243
23 41 493 345
23 42 121 84
23 43 652 456
23 44 189 132
23 45 569 398
23 46 567 396
23 47 314 219
23 48 534 373
23 49 707 494
24 0 264 184
24 1 180 125
24 2 159 111
24 3 167 116
24 4 236 165
24 5 307 214
24 6 56 39
24 7 288 201
24 8 286 200
24 9 528 369
24 10 373 261
24 11 196 137
24 12 255 178
24 13 293 205
24 14 127 88
24 15 99 69
24 16 328 229
24 17 275 192
24 18 118 82
24 19 394 275
24 20 369 258
24 21 28 19
24 22 537 375
24 23 469 328
24 24 0 0
24 25 435 304
24 26 248 173
24 27 104 72
24 28 264 184
24 29 79 55
24 30 342 239
24 31 70 49
24 32 261 182
24 33 95 66
24 34 35 24
24 35 258 180
24 36 150 105
24 37 195 136
24 38 281 196
24 39 324 226
24 40 121 84
24 41 266 186
24 42 225 157
24 43 183 128
24 44 280 196
24 45 342 239
24 46 340 237
24 47 341 238
24 48 307 214
24 49 480 336
25 0 287 200
25 1 445 311
25 2 267 186
25 3 360 251
25 4 429 300
25 5 500 350
25 6 491 343
25 7 481 336
25 8 149 104
25 9 93 65
25 10 566 396
25 11 389 272
25 12 520 364
25 13 558 390
25 14 377 263
25 15 349 244
25 16 191 133
25 17 540 378
25 18 645 451
25 19 41 28
25 20 562 393
25 21 646 452
25 22 730 510
25 23 662 463
25 24 435 304
25 25 0 0
25 26 441 308
25 27 539 377
25 28 171 119
25 29 329 230
25 30 163 114
25 31 320 224
25 32 526 368
25 33 345 241
25 34 400 280
25 35 451 315
25 36 285 199
25 37 240 168
25 38 474 331
25 39 517 361
25 40 314 219
25 41 359 251
25 42 490 343
25 43 618 432
25 44 473 331
25 45 93 65
25 46 95 66
25 47 534 373
25 48 400 280
25 49 45 31
26 0 270 189
26 1 186 130
26 2 370 259
26 3 81 56
26 4 150 105
26 5 59 41
26 6 304 212
26 7 202 141
26 8 292 204
26 9 534 373
26 10 125 87
26 11 202 141
26 12 261 182
26 13 299 209
26 14 338 236
26 15 310 217
26 16 334 233
26 17 281 196
26 18 204 142
26 19 400 280
26 20 121 84
26 21 387 270
26 22 289 202
26 23 221 154
26 24 248 173
26 25 441 308
26 26 0 0
26 27 352 246
26 28 270 189
26 29 290 203
26 30 348 243
26 31 281 196
26 32 267 186
26 33 306 214
26 34 213 149
26 35 10 7
26 36 156 109
26 37 201 140
26 38 33 23
26 39 76 53
26 40 127 88
26 41 272 190
26 42 231 161
26 43 431 301
26 44 32 22
26 45 348 243
26 46 346 242
26 47 93 65
26 48 313 219
26 49 486 340
27 0 368 257
27 1 284 198
27 2 263 184
27 3 271 189
27 4 340 237
27 5 411 287
27 6 48 33
27 7 392 274
27 8 390 273
27 9 632 442
27 10 477 333
27 11 300 210
27 12 359 251
27 13 397 277
27 14 231 161
27 15 203 142
27 16 432 302
27 17 379 265
27 18 222 155
27 19 498 348
27 20 473 331
27 21 132 92
27 22 641 448
27 23 573 401
27 24 104 72
27 25 539 377
27 26 352 246
27 27 0 0
27 28 368 257
27 29 183 128
27 30 40 28
27 31 174 121
27 32 365 255
27 33 199 139
27 34 139 97
27 35 132 92
27 36 254 177
27 37 299 209
27 38 385 269
27 39 428 299
27 40 225 157
27 41 370 259
27 42 329 230
27 43 79 55
27 44 384 268
27 45 446 312
27 46 444 310
27 47 445 311
27 48 411 287
27 49 584 408
28 0 116 81
28 1 274 191
28 2 96 67
28 3 189 132
28 4 258 180
28 5 329 230
28 6 320 224
28 7 310 217
28 8 22 15
28 9 264 184
28 10 395 276
28 11 218 152
28 12 349 244
28 13 387 270
28 14 206 144
28 15 178 124
28 16 64 44
28 17 369 258
28 18 474 331
28 19 130 91
28 20 391 273
28 21 475 332
28 22 559 391
28 23 491 343
28 24 264 184
28 25 171 119
28 26 270 189
28 27 368 257
28 28 0 0
28 29 158 110
28 30 436 305
28 31 149 104
28 32 355 248
28 33 174 121
28 34 229 160
28 35 280 196
28 36 114 79
28 37 69 48
28 38 303 212
28 39 346 242
28 40 143 100
28 41 188 131
28 42 319 223
28 43 447 312
28 44 302 211
28 45 78 54
28 46 76 53
28 47 363 254
28 48 229 160
28 49 216 151
29 0 136 95
29 1 294 205
29 2 80 56
29 3 209 146
29 4 278 194
29 5 349 244
29 6 135 94
29 7 330 230
29 8 180 125
29 9 422 295
29 10 415 290
29 11 58 40
29 12 369 258
29 13 407 284
29 14 48 33
29 15 20 14
29 16 222 155
29 17 389 272
29 18 494 345
29 19 288 201
29 20 411 287
29 21 495 346
29 22 579 405
29 23 511 357
29 24 79 55
29 25 329 230
29 26 290 203
29 27 183 128
29 28 158 110
29 29 0 0
29 30 456 319
29 31 9 6
29 32 375 262
29 33 16 11
29 34 44 30
29 35 300 210
29 36 134 93
29 37 89 62
29 38 323 226
29 39 366 256
29 40 163 114
29 41 208 145
29 42 339 237
29 43 262 183
29 44 322 225
29 45 236 165
29 46 234 163
29 47 383 268
29 48 249 174
29 49 374 261
30 0 96 67
30 1 162 113
30 2 536 375
30 3 267 186
30 4 336 235
30 5 407 284
30 6 398 278
30 7 92 64
30 8 458 320
30 9 256 179
30 10 72 50
30 11 296 207
30 12 87 60
30 13 275 192
30 14 504 352
30 15 476 333
30 16 500 350
30 17 107 74
30 18 151 105
30 19 122 85
30 20 68 47
30 21 363 254
30 22 236 165
30 23 168 117
30 24 342 239
30 25 163 114
30 26 348 243
30 27 40 28
30 28 436 305
30 29 456 319
30 30 0 0
30 31 447 312
30 32 93 65
30 33 472 330
30 34 307 214
30 35 358 250
30 36 322 225
30 37 367 256
30 38 381 266
30 39 424 296
30 40 221 154
30 41 248 173
30 42 207 144
30 43 119 83
30 44 380 266
30 45 70 49
30 46 512 358
30 47 441 308
30 48 289 202
30 49 208 145
31 0 127 88
31 1 285 199
31 2 89 62
31 3 200 140
31 4 269 188
31 5 340 237
31 6 126 88
31 7 321 224
31 8 171 119
31 9 413 289
31 10 406 284
31 11 49 34
31 12 360 251
31 13 398 278
31 14 57 39
31 15 29 20
31 16 213 149
31 17 380 266
31 18 485 339
31 19 279 195
31 20 402 281
31 21 486 340
31 22 570 399
31 23 502 351
31 24 70 49
31 25 320 224
31 26 281 196
31 27 174 121
31 28 149 104
31 29 9 6
31 30 447 312
31 31 0 0
31 32 366 256
31 33 25 17
31 34 35 24
31 35 291 203
31 36 125 87
31 37 80 56
31 38 314 219
31 39 357 249
31 40 154 107
31 41 199 139
31 42 330 230
31 43 253 177
31 44 313 219
31 45 227 158
31 46 225 157
31 47 374 261
31 48 240 168
31 49 365 255
32 0 68 47
32 1 81 56
32 2 455 318
32 3 186 130
32 4 255 178
32 5 326 228
32 6 317 221
32 7 307 214
32 8 377 263
32 9 619 433
32 10 392 274
32 11 215 150
32 12 6 4
32 13 81 56
32 14 423 296
32 15 395 276
32 16 419 293
32 17 26 18
32 18 471 329
32 19 485 339
32 20 388 271
32 21 169 118
32 22 556 389
32 23 488 341
32 24 261 182
32 25 526 368
32 26 267 186
32 27 365 255
32 28 355 248
32 29 375 262
32 30 93 65
32 31 366 256
32 32 0 0
32 33 391 273
32 34 226 158
32 35 277 193
32 36 241 168
32 37 286 200
32 38 300 210
32 39 343 240
32 40 140 98
32 41 167 116
32 42 126 88
32 43 444 310
32 44 299 209
32 45 433 303
32 46 431 301
32 47 360 251
32 48 208 145
32 49 571 399
33 0 152 106
33 1 310 217
33 2 64 44
33 3 225 157
33 4 294 205
33 5 365 255
33 6 151 105
33 7 346 242
33 8 196 137
33 9 438 306
33 10 83 58
33 11 74 51
33 12 385 269
33 13 423 296
33 14 32 22
33 15 4 2
33 16 238 166
33 17 405 283
33 18 162 113
33 19 304 212
33 20 427 298
33 21 511 357
33 22 247 172
33 23 179 125
33 24 95 66
33 25 345 241
33 26 306 214
33 27 199 139
33 28 174 121
33 29 16 11
33 30 472 330
33 31 25 17
33 32 391 273
33 33 0 0
33 34 60 42
33 35 316 221
33 36 150 105
33 37 105 73
33 38 339 237
33 39 382 267
33 40 179 125
33 41 224 156
33 42 355 248
33 43 278 194
33 44 338 236
33 45 252 176
33 46 250 175
33 47 399 279
33 48 265 185
33 49 390 273
34 0 229 160
34 1 145 101
34 2 124 86
34 3 132 92
34 4 201 140
34 5 272 190
34 6 91 63
34 7 253 177
34 8 251 175
34 9 493 345
34 10 338 236
34 11 161 112
34 12 220 154
34 13 258 180
34 14 92 64
34 15 64 44
34 16 293 205
34 17 240 168
34 18 83 58
34 19 359 251
34 20 334 233
34 21 346 242
34 22 502 351
34 23 434 303
34 24 35 24
34 25 400 280
34 26 213 149
34 27 139 97
34 28 229 160
34 29 44 30
34 30 307 214
34 31 35 24
34 32 226 158
34 33 60 42
34 34 0 0
34 35 223 156
34 36 115 80
34 37 160 112
34 38 246 172
34 39 289 202
34 40 86 60
34 41 231 161
34 42 190 133
34 43 218 152
34 44 245 171
34 45 307 214
34 46 305 213
34 47 306 214
34 48 272 190
34 49 445 311
35 0 280 196
35 1 196 137
35 2 380 266
35 3 91 63
35 4 160 112
35 5 69 48
35 6 84 58
35 7 212 148
35 8 302 211
35 9 544 380
35 10 135 94
35 11 212 148
35 12 271 189
35 13 309 216
35 14 348 243
35 15 320 224
35 16 42 29
35 17 291 203
35 18 214 149
35 19 410 287
35 20 131 91
35 21 397 277
35 22 140 98
35 23 72 50
35 24 258 180
35 25 451 315
35 26 10 7
35 27 132 92
35 28 280 196
35 29 300 210
35 30 358 250
35 31 291 203
35 32 277 193
35 33 316 221
35 34 223 156
35 35 0 0
35 36 166 116
35 37 211 147
35 38 43 30
35 39 86 60
35 40 137 95
35 41 282 197
35 42 241 168
35 43 211 147
35 44 42 29
35 45 358 250
35 46 356 249
35 47 1 0
35 48 323 226
35 49 496 347
36 0 244 170
36 1 160 112
36 2 214 149
36 3 75 52
36 4 144 100
36 5 215 150
36 6 206 144
36 7 196 137
36 8 136 95
36 9 378 264
36 10 281 196
36 11 104 72
36 12 235 164
36 13 273 191
36 14 182 127
36 15 154 107
36 16 178 124
36 17 255 178
36 18 360 251
36 19 244 170
36 20 277 193
36 21 361 252
36 22 445 311
36 23 377 263
36 24 150 105
36 25 285 199
36 26 156 109
36 27 254 177
36 28 114 79
36 29 134 93
36 30 322 225
36 31 125 87
36 32 241 168
36 33 150 105
36 34 115 80
36 35 166 116
36 36 0 0
36 37 45 31
36 38 189 132
36 39 232 162
36 40 29 20
36 41 74 51
36 42 205 143
36 43 333 233
36 44 188 131
36 45 192 134
36 46 190 133
36 47 249 174
36 48 115 80
36 49 330 230
37 0 47 32
37 1 205 143
37 2 169 118
37 3 120 84
37 4 189 132
37 5 260 182
37 6 251 175
37 7 241 168
37 8 91 63
37 9 333 233
37 10 326 228
37 11 149 104
37 12 280 196
37 13 318 222
37 14 137 95
37 15 109 76
37 16 133 93
37 17 300 210
37 18 405 283
37 19 199 139
37 20 322 225
37 21 406 284
37 22 490 343
37 23 422 295
37 24 195 136
37 25 240 168
37 26 201 140
37 27 299 209
37 28 69 48
37 29 89 62
37 30 367 256
37 31 80 56
37 32 286 200
37 33 105 73
37 34 160 112
37 35 211 147
37 36 45 31
37 37 0 0
37 38 234 163
37 39 277 193
37 40 74 51
37 41 119 83
37 42 250 175
37 43 378 264
37 44 233 163
37 45 147 102
37 46 145 101
37 47 294 205
37 48 160 112
37 49 285 199
38 0 303 212
38 1 219 153
38 2 403 282
38 3 114 79
38 4 183 128
38 5 60 42
38 6 337 235
38 7 235 164
38 8 325 227
38 9 567 396
38 10 126 88
38 11 235 164
38 12 294 205
38 13 332 232
38 14 371 259
38 15 343 240
38 16 367 256
38 17 314 219
38 18 205 143
38 19 433 303
38 20 122 85
38 21 420 294
38 22 290 203
38 23 222 155
38 24 281 196
38 25 474 331
38 26 33 23
38 27 385 269
38 28 303 212
38 29 323 226
38 30 381 266
38 31 314 219
38 32 300 210
38 33 339 237
38 34 246 172
38 35 43 30
38 36 189 132
38 37 234 163
38 38 0 0
38 39 43 30
38 40 160 112
38 41 305 213
38 42 264 184
38 43 464 324
38 44 33 23
38 45 381 266
38 46 379 265
38 47 126 88
38 48 346 242
38 49 519 363
39 0 346 242
39 1 262 183
39 2 446 312
39 3 157 109
39 4 226 158
39 5 48 33
39 6 380 266
39 7 278 194
39 8 368 257
39 9 610 427
39 10 114 79
39 11 278 194
39 12 337 235
39 13 375 262
39 14 414 289
39 15 386 270
39 16 410 287
39 17 357 249
39 18 193 135
39 19 476 333
39 20 110 77
39 21 463 324
39 22 18 12
39 23 210 147
39 24 324 226
39 25 517 361
39 26 76 53
39 27 428 299
39 28 346 242
39 29 366 256
39 30 424 296
39 31 357 249
39 32 343 240
39 33 382 267
39 34 289 202
39 35 86 60
39 36 232 162
39 37 277 193
39 38 43 30
39 39 0 0
39 40 203 142
39 41 348 243
39 42 307 214
39 43 507 354
39 44 21 14
39 45 424 296
39 46 422 295
39 47 169 118
39 48 389 272
39 49 70 49
40 0 143 100
40 1 59 41
40 2 243 170
40 3 46 32
40 4 115 80
40 5 186 130
40 6 177 123
40 7 167 116
40 8 165 115
40 9 407 284
40 10 252 176
40 11 75 52
40 12 134 93
40 13 172 120
40 14 211 147
40 15 183 128
40 16 207 144
40 17 154 107
40 18 331 231
40 19 273 191
40 20 248 173
40 21 260 182
40 22 416 291
40 23 348 243
40 24 121 84
40 25 314 219
40 26 127 88
40 27 225 157
40 28 143 100
40 29 163 114
40 30 221 154
40 31 154 107
40 32 140 98
40 33 179 125
40 34 86 60
40 35 137 95
40 36 29 20
40 37 74 51
40 38 160 112
40 39 203 142
40 40 0 0
40 41 145 101
40 42 104 72
40 43 304 212
40 44 159 111
40 45 221 154
40 46 219 153
40 47 220 154
40 48 186 130
40 49 359 251
41 0 170 118
41 1 86 60
41 2 288 201
41 3 191 133
41 4 260 182
41 5 331 231
41 6 322 225
41 7 312 218
41 8 210 147
41 9 452 316
41 10 397 277
41 11 220 154
41 12 161 112
41 13 199 139
41 14 256 179
41 15 228 159
41 16 252 176
41 17 181 126
41 18 476 333
41 19 318 222
41 20 393 275
41 21 287 200
41 22 561 392
41 23 493 345
41 24 266 186
41 25 359 251
41 26 272 190
41 27 370 259
41 28 188 131
41 29 208 145
41 30 248 173
41 31 199 139
41 32 167 116
41 33 224 156
41 34 231 161
41 35 282 197
41 36 74 51
41 37 119 83
41 38 305 213
41 39 348 243
41 40 145 101
41 41 0 0
41 42 131 91
41 43 449 314
41 44 304 212
41 45 266 186
41 46 264 184
41 47 365 255
41 48 41 28
41 49 404 282
42 0 129 90
42 1 45 31
42 2 419 293
42 3 150 105
42 4 219 153
42 5 290 203
42 6 281 196
42 7 271 189
42 8 341 238
42 9 583 408
42 10 25 17
42 11 179 125
42 12 120 84
42 13 68 47
42 14 387 270
42 15 359 251
42 16 383 268
42 17 140 98
42 18 104 72
42 19 449 314
42 20 21 14
42 21 156 109
42 22 189 132
42 23 121 84
42 24 225 157
42 25 490 343
42 26 231 161
42 27 329 230
42 28 319 223
42 29 339 237
42 30 207 144
42 31 330 230
42 32 126 88
42 33 355 248
42 34 190 133
42 35 241 168
42 36 205 143
42 37 250 175
42 38 264 184
42 39 307 214
42 40 104 72
42 41 131 91
42 42 0 0
42 43 408 285
42 44 263 184
42 45 397 277
42 46 395 276
42 47 324 226
42 48 172 120
42 49 535 374
43 0 447 312
43 1 363 254
43 2 342 239
43 3 350 244
43 4 419 293
43 5 490 343
43 6 127 88
43 7 471 329
43 8 469 328
43 9 711 497
43 10 556 389
43 11 379 265
43 12 438 306
43 13 476 333
43 14 310 217
43 15 282 197
43 16 511 357
43 17 458 320
43 18 301 210
43 19 577 403
43 20 552 386
43 21 52 36
43 22 720 503
43 23 652 456
43 24 183 128
43 25 618 432
43 26 431 301
43 27 79 55
43 28 447 312
43 29 262 183
43 30 119 83
43 31 253 177
43 32 444 310
43 33 278 194
43 34 218 152
43 35 211 147
43 36 333 233
43 37 378 264
43 38 464 324
43 39 507 354
43 40 304 212
43 41 449 314
43 42 408 285
43 43 0 0
43 44 463 324
43 45 525 367
43 46 523 366
43 47 524 366
43 48 490 343
43 49 663 464
44 0 302 211
44 1 218 152
44 2 402 281
44 3 113 79
44 4 182 127
44 5 27 18
44 6 336 235
44 7 234 163
44 8 324 226
44 9 566 396
44 10 93 65
44 11 234 163
44 12 293 205
44 13 331 231
44 14 370 259
44 15 342 239
44 16 366 256
44 17 313 219
44 18 172 120
44 19 432 302
44 20 89 62
44 21 419 293
44 22 257 179
44 23 189 132
44 24 280 196
44 25 473 331
44 26 32 22
44 27 384 268
44 28 302 211
44 29 322 225
44 30 380 266
44 31 313 219
44 32 299 209
44 33 338 236
44 34 245 171
44 35 42 29
44 36 188 131
44 37 233 163
44 38 33 23
44 39 21 14
44 40 159 111
44 41 304 212
44 42 263 184
44 43 463 324
44 44 0 0
44 45 380 266
44 46 378 264
44 47 125 87
44 48 345 241
44 49 518 362
45 0 194 135
45 1 352 246
45 2 174 121
45 3 267 186
45 4 336 235
45 5 407 284
45 6 398 278
45 7 388 271
45 8 56 39
45 9 186 130
45 10 473 331
45 11 296 207
45 12 427 298
45 13 465 325
45 14 284 198
45 15 256 179
45 16 98 68
45 17 447 312
45 18 552 386
45 19 52 36
45 20 469 328
45 21 553 387
45 22 637 445
45 23 569 398
45 24 342 239
45 25 93 65
45 26 348 243
45 27 446 312
45 28 78 54
45 29 236 165
45 30 70 49
45 31 227 158
45 32 433 303
45 33 252 176
45 34 307 214
45 35 358 250
45 36 192 134
45 37 147 102
45 38 381 266
45 39 424 296
45 40 221 154
45 41 266 186
45 42 397 277
45 43 525 367
45 44 380 266
45 45 0 0
45 46 2 1
45 47 441 308
45 48 307 214
45 49 138 96
46 0 192 134
46 1 350 244
46 2 172 120
46 3 265 185
46 4 334 233
46 5 405 283
46 6 396 277
46 7 386 270
46 8 54 37
46 9 188 131
46 10 471 329
46 11 294 205
46 12 425 297
46 13 463 324
46 14 282 197
46 15 254 177
46 16 96 67
46 17 445 311
46 18 550 385
46 19 54 37
46 20 467 326
46 21 551 385
46 22 635 444
46 23 567 396
46 24 340 237
46 25 95 66
46 26 346 242
46 27 444 310
46 28 76 53
46 29 234 163
46 30 512 358
46 31 225 157
46 32 431 301
46 33 250 175
46 34 305 213
46 35 356 249
46 36 190 133
46 37 145 101
46 38 379 265
46 39 422 295
46 40 219 153
46 41 264 184
46 42 395 276
46 43 523 366
46 44 378 264
46 45 2 1
46 46 0 0
46 47 439 307
46 48 305 213
46 49 140 98
47 0 363 254
47 1 279 195
47 2 463 324
47 3 174 121
47 4 21 14
47 5 152 106
47 6 397 277
47 7 73 51
47 8 385 269
47 9 627 438
47 10 218 152
47 11 295 206
47 12 354 247
47 13 392 274
47 14 431 301
47 15 403 282
47 16 427 298
47 17 374 261
47 18 297 207
47 19 493 345
47 20 214 149
47 21 480 336
47 22 382 267
47 23 314 219
47 24 341 238
47 25 534 373
47 26 93 65
47 27 445 311
47 28 363 254
47 29 383 268
47 30 441 308
47 31 374 261
47 32 360 251
47 33 399 279
47 34 306 214
47 35 1 0
47 36 249 174
47 37 294 205
47 38 126 88
47 39 169 118
47 40 220 154
47 41 365 255
47 42 324 226
47 43 524 366
47 44 125 87
47 45 441 308
47 46 439 307
47 47 0 0
47 48 49 34
47 49 579 405
48 0 211 147
48 1 127 88
48 2 329 230
48 3 232 162
48 4 301 210
48 5 372 260
48 6 363 254
48 7 353 247
48 8 251 175
48 9 493 345
48 10 438 306
48 11 261 182
48 12 202 141
48 13 240 168
48 14 297 207
48 15 269 188
48 16 293 205
48 17 222 155
48 18 517 361
48 19 359 251
48 20 434 303
48 21 14 9
48 22 602 421
48 23 534 373
48 24 307 214
48 25 400 280
48 26 313 219
48 27 411 287
48 28 229 160
48 29 249 174
48 30 289 202
48 31 240 168
48 32 208 145
48 33 265 185
48 34 272 190
48 35 323 226
48 36 115 80
48 37 160 112
48 38 346 242
48 39 389 272
48 40 186 130
48 41 41 28
48 42 172 120
48 43 490 343
48 44 345 241
48 45 307 214
48 46 305 213
48 47 49 34
48 48 0 0
48 49 445 311
49 0 332 232
49 1 490 343
49 2 312 218
49 3 405 283
49 4 36 25
49 5 545 381
49 6 536 375
49 7 88 61
49 8 194 135
49 9 138 96
49 10 611 427
49 11 434 303
49 12 565 395
49 13 603 422
49 14 422 295
49 15 394 275
49 16 236 165
49 17 585 409
49 18 690 482
49 19 86 60
49 20 607 424
49 21 691 483
49 22 775 542
49 23 707 494
49 24 480 336
49 25 45 31
49 26 486 340
49 27 584 408
49 28 216 151
49 29 374 261
49 30 208 145
49 31 365 255
49 32 571 399
49 33 390 273
49 34 445 311
49 35 496 347
49 36 330 230
49 37 285 199
49 38 519 363
49 39 70 49
49 40 359 251
49 41 404 282
49 42 535 374
49 43 663 464
49 44 518 362
49 45 138 96
49 46 140 98
49 47 579 405
49 48 445 311
49 49 0 0
