50
#Cost for establishing sourceNodes and maximum limit of nodes
0 34 20
1 103 13
2 8 15
3 42 5
4 109 14
5 17 2
6 12 5
7 14 20
8 36 8
9 5 18
10 20 3
11 90 18
12 16 5
13 147 15
14 20 21
15 59 7
16 27 5
17 124 25
18 29 15
19 41 5
20 185 19
21 64 8
22 9 1
23 29 20
24 137 17
25 18 7
26 143 17
27 14 23
28 20 19
29 98 11
30 63 24
31 159 20
32 197 24
33 164 20
34 88 22
35 53 14
36 130 23
37 119 13
38 6 1
39 20 10
40 164 19
41 27 5
42 69 16
43 6 6
44 74 12
45 12 5
46 144 20
47 68 20
48 14 6
49 3 4

#Distance and cable cost for each pair of nodes
0 0 0 0
0 1 334 233
0 2 538 376
0 3 341 238
0 4 623 436
0 5 247 172
0 6 372 260
0 7 624 436
0 8 419 293
0 9 546 382
0 10 329 230
0 11 394 275
0 12 343 240
0 13 78 54
0 14 351 245
0 15 490 343
0 16 441 308
0 17 347 242
0 18 465 325
0 19 581 406
0 20 237 165
0 21 621 434
0 22 459 321
0 23 350 244
0 24 379 265
0 25 501 350
0 26 357 249
0 27 271 189
0 28 592 414
0 29 399 279
0 30 137 95
0 31 108 75
0 32 5 3
0 33 405 283
0 34 565 395
0 35 632 442
0 36 320 224
0 37 83 58
0 38 359 251
0 39 557 389
0 40 357 249
0 41 260 182
0 42 154 107
0 43 568 397
0 44 441 308
0 45 493 345
0 46 480 336
0 47 346 242
0 48 424 296
0 49 638 446
1 0 334 233
1 1 0 0
1 2 204 142
1 3 92 64
1 4 289 202
1 5 105 73
1 6 186 130
1 7 290 203
1 8 233 163
1 9 297 207
1 10 143 100
1 11 208 145
1 12 9 6
1 13 256 179
1 14 165 115
1 15 156 109
1 16 107 74
1 17 13 9
1 18 216 151
1 19 395 276
1 20 97 67
1 21 372 260
1 22 125 87
1 23 164 114
1 24 193 135
1 25 252 176
1 26 108 75
1 27 151 105
1 28 258 180
1 29 65 45
1 30 134 93
1 31 105 73
1 32 262 183
1 33 71 49
1 34 316 221
1 35 298 208
1 36 134 93
1 37 80 56
1 38 110 77
1 39 223 156
1 40 171 119
1 41 74 51
1 42 180 125
1 43 319 223
1 44 192 134
1 45 307 214
1 46 294 205
1 47 97 67
1 48 90 62
1 49 304 212
2 0 538 376
2 1 204 142
2 2 0 0
2 3 278 194
2 4 85 59
2 5 309 216
2 6 390 273
2 7 86 60
2 8 437 305
2 9 483 338
2 10 347 242
2 11 412 288
2 12 195 136
2 13 460 322
2 14 369 258
2 15 48 33
2 16 181 126
2 17 166 116
2 18 402 281
2 19 599 419
2 20 301 210
2 21 558 390
2 22 199 139
2 23 368 257
2 24 397 277
2 25 438 306
2 26 294 205
2 27 216 151
2 28 54 37
2 29 139 97
2 30 320 224
2 31 213 149
2 32 466 326
2 33 133 93
2 34 502 351
2 35 94 65
2 36 338 236
2 37 266 186
2 38 296 207
2 39 297 207
2 40 375 262
2 41 278 194
2 42 384 268
2 43 505 353
2 44 378 264
2 45 511 357
2 46 498 348
2 47 283 198
2 48 276 193
2 49 378 264
3 0 341 238
3 1 92 64
3 2 278 194
3 3 0 0
3 4 363 254
3 5 12 8
3 6 193 135
3 7 364 254
3 8 240 168
3 9 205 143
3 10 150 105
3 11 215 150
3 12 83 58
3 13 263 184
3 14 172 120
3 15 230 161
3 16 181 126
3 17 87 60
3 18 124 86
3 19 402 281
3 20 104 72
3 21 280 196
3 22 199 139
3 23 171 119
3 24 200 140
3 25 160 112
3 26 16 11
3 27 59 41
3 28 332 232
3 29 139 97
3 30 208 145
3 31 179 125
3 32 269 188
3 33 145 101
3 34 224 156
3 35 372 260
3 36 141 98
3 37 154 107
3 38 18 12
3 39 297 207
3 40 59 41
3 41 81 56
3 42 187 130
3 43 227 158
3 44 100 70
3 45 314 219
3 46 301 210
3 47 5 3
3 48 164 114
3 49 378 264
4 0 623 436
4 1 289 202
4 2 85 59
4 3 363 254
4 4 0 0
4 5 394 275
4 6 475 332
4 7 1 0
4 8 522 365
4 9 568 397
4 10 432 302
4 11 133 93
4 12 280 196
4 13 545 381
4 14 90 62
4 15 133 93
4 16 266 186
4 17 251 175
4 18 487 340
4 19 684 478
4 20 386 270
4 21 129 90
4 22 284 198
4 23 453 317
4 24 118 82
4 25 523 366
4 26 379 265
4 27 301 210
4 28 139 97
4 29 224 156
4 30 405 283
4 31 298 208
4 32 551 385
4 33 218 152
4 34 587 410
4 35 179 125
4 36 423 296
4 37 351 245
4 38 381 266
4 39 382 267
4 40 460 322
4 41 363 254
4 42 469 328
4 43 76 53
4 44 463 324
4 45 596 417
4 46 583 408
4 47 368 257
4 48 361 252
4 49 82 57
5 0 247 172
5 1 105 73
5 2 309 216
5 3 12 8
5 4 394 275
5 5 0 0
5 6 143 100
5 7 395 276
5 8 190 133
5 9 120 84
5 10 100 70
5 11 165 115
5 12 114 79
5 13 169 118
5 14 122 85
5 15 261 182
5 16 212 148
5 17 118 82
5 18 39 27
5 19 352 246
5 20 10 7
5 21 195 136
5 22 230 161
5 23 121 84
5 24 150 105
5 25 75 52
5 26 28 19
5 27 71 49
5 28 363 254
5 29 170 118
5 30 239 167
5 31 210 147
5 32 175 122
5 33 176 123
5 34 139 97
5 35 403 282
5 36 91 63
5 37 185 129
5 38 30 21
5 39 328 229
5 40 128 89
5 41 31 21
5 42 93 65
5 43 142 99
5 44 15 10
5 45 264 184
5 46 251 175
5 47 17 11
5 48 195 136
5 49 409 286
6 0 372 260
6 1 186 130
6 2 390 273
6 3 193 135
6 4 475 332
6 5 143 100
6 6 0 0
6 7 476 333
6 8 151 105
6 9 398 278
6 10 61 42
6 11 126 88
6 12 195 136
6 13 294 205
6 14 83 58
6 15 342 239
6 16 293 205
6 17 199 139
6 18 317 221
6 19 313 219
6 20 135 94
6 21 473 331
6 22 311 217
6 23 82 57
6 24 26 18
6 25 353 247
6 26 209 146
6 27 252 176
6 28 444 310
6 29 251 175
6 30 320 224
6 31 291 203
6 32 300 210
6 33 257 179
6 34 417 291
6 35 63 44
6 36 52 36
6 37 266 186
6 38 211 147
6 39 409 286
6 40 89 62
6 41 112 78
6 42 218 152
6 43 420 294
6 44 293 205
6 45 225 157
6 46 212 148
6 47 198 138
6 48 276 193
6 49 490 343
7 0 624 436
7 1 290 203
7 2 86 60
7 3 364 254
7 4 1 0
7 5 395 276
7 6 476 333
7 7 0 0
7 8 523 366
7 9 569 398
7 10 433 303
7 11 134 93
7 12 281 196
7 13 546 382
7 14 91 63
7 15 134 93
7 16 267 186
7 17 252 176
7 18 488 341
7 19 685 479
7 20 387 270
7 21 130 91
7 22 285 199
7 23 454 317
7 24 119 83
7 25 524 366
7 26 380 266
7 27 302 211
7 28 140 98
7 29 225 157
7 30 38 26
7 31 299 209
7 32 552 386
7 33 219 153
7 34 588 411
7 35 180 125
7 36 424 296
7 37 352 246
7 38 382 267
7 39 383 268
7 40 461 322
7 41 364 254
7 42 470 329
7 43 77 53
7 44 464 324
7 45 597 417
7 46 584 408
7 47 369 258
7 48 362 253
7 49 83 58
8 0 419 293
8 1 233 163
8 2 437 305
8 3 240 168
8 4 522 365
8 5 190 133
8 6 151 105
8 7 523 366
8 8 0 0
8 9 288 201
8 10 108 75
8 11 173 121
8 12 242 169
8 13 341 238
8 14 130 91
8 15 389 272
8 16 340 237
8 17 246 172
8 18 207 144
8 19 162 113
8 20 182 127
8 21 363 254
8 22 358 250
8 23 129 90
8 24 158 110
8 25 243 170
8 26 99 69
8 27 142 99
8 28 30 21
8 29 298 208
8 30 367 256
8 31 338 236
8 32 347 242
8 33 304 212
8 34 307 214
8 35 70 49
8 36 99 69
8 37 313 219
8 38 101 70
8 39 456 319
8 40 136 95
8 41 159 111
8 42 265 185
8 43 310 217
8 44 183 128
8 45 74 51
8 46 61 42
8 47 245 171
8 48 323 226
8 49 537 375
9 0 546 382
9 1 297 207
9 2 483 338
9 3 205 143
9 4 568 397
9 5 120 84
9 6 398 278
9 7 569 398
9 8 288 201
9 9 0 0
9 10 14 9
9 11 420 294
9 12 288 201
9 13 468 327
9 14 377 263
9 15 435 304
9 16 386 270
9 17 292 204
9 18 129 90
9 19 78 54
9 20 309 216
9 21 165 115
9 22 404 282
9 23 376 263
9 24 405 283
9 25 45 31
9 26 189 132
9 27 67 46
9 28 537 375
9 29 344 240
9 30 413 289
9 31 384 268
9 32 474 331
9 33 350 244
9 34 229 160
9 35 577 403
9 36 346 242
9 37 359 251
9 38 187 130
9 39 502 351
9 40 264 184
9 41 286 200
9 42 392 274
9 43 112 78
9 44 105 73
9 45 362 253
9 46 349 244
9 47 158 110
9 48 252 176
9 49 583 408
10 0 329 230
10 1 143 100
10 2 347 242
10 3 150 105
10 4 432 302
10 5 100 70
10 6 61 42
10 7 433 303
10 8 108 75
10 9 14 9
10 10 0 0
10 11 83 58
10 12 152 106
10 13 251 175
10 14 40 28
10 15 299 209
10 16 250 175
10 17 156 109
10 18 274 191
10 19 270 189
10 20 92 64
10 21 430 301
10 22 268 187
10 23 39 27
10 24 68 47
10 25 310 217
10 26 166 116
10 27 209 146
10 28 401 280
10 29 208 145
10 30 277 193
10 31 248 173
10 32 257 179
10 33 214 149
10 34 374 261
10 35 441 308
10 36 9 6
10 37 223 156
10 38 168 117
10 39 366 256
10 40 49 34
10 41 69 48
10 42 175 122
10 43 377 263
10 44 250 175
10 45 182 127
10 46 169 118
10 47 155 108
10 48 233 163
10 49 447 312
11 0 394 275
11 1 208 145
11 2 412 288
11 3 215 150
11 4 133 93
11 5 165 115
11 6 126 88
11 7 134 93
11 8 173 121
11 9 420 294
11 10 83 58
11 11 0 0
11 12 217 151
11 13 316 221
11 14 43 30
11 15 364 254
11 16 315 220
11 17 221 154
11 18 67 46
11 19 335 234
11 20 157 109
11 21 495 346
11 22 333 233
11 23 44 30
11 24 71 49
11 25 375 262
11 26 231 161
11 27 274 191
11 28 466 326
11 29 273 191
11 30 342 239
11 31 313 219
11 32 322 225
11 33 279 195
11 34 167 116
11 35 506 354
11 36 74 51
11 37 288 201
11 38 233 163
11 39 431 301
11 40 111 77
11 41 134 93
11 42 240 168
11 43 442 309
11 44 315 220
11 45 247 172
11 46 234 163
11 47 98 68
11 48 100 70
11 49 512 358
12 0 343 240
12 1 9 6
12 2 195 136
12 3 83 58
12 4 280 196
12 5 114 79
12 6 195 136
12 7 281 196
12 8 242 169
12 9 288 201
12 10 152 106
12 11 217 151
12 12 0 0
12 13 265 185
12 14 174 121
12 15 147 102
12 16 98 68
12 17 4 2
12 18 207 144
12 19 404 282
12 20 106 74
12 21 363 254
12 22 116 81
12 23 173 121
12 24 202 141
12 25 243 170
12 26 99 69
12 27 142 99
12 28 249 174
12 29 56 39
12 30 125 87
12 31 96 67
12 32 271 189
12 33 62 43
12 34 307 214
12 35 289 202
12 36 143 100
12 37 71 49
12 38 101 70
12 39 214 149
12 40 180 125
12 41 83 58
12 42 189 132
12 43 310 217
12 44 183 128
12 45 316 221
12 46 303 212
12 47 88 61
12 48 81 56
12 49 295 206
13 0 78 54
13 1 256 179
13 2 460 322
13 3 263 184
13 4 545 381
13 5 169 118
13 6 294 205
13 7 546 382
13 8 341 238
13 9 468 327
13 10 251 175
13 11 316 221
13 12 265 185
13 13 0 0
13 14 273 191
13 15 412 288
13 16 363 254
13 17 269 188
13 18 387 270
13 19 503 352
13 20 159 111
13 21 543 380
13 22 381 266
13 23 272 190
13 24 301 210
13 25 423 296
13 26 279 195
13 27 193 135
13 28 514 359
13 29 321 224
13 30 390 273
13 31 361 252
13 32 6 4
13 33 327 228
13 34 487 340
13 35 554 387
13 36 242 169
13 37 336 235
13 38 281 196
13 39 479 335
13 40 279 195
13 41 182 127
13 42 76 53
13 43 490 343
13 44 363 254
13 45 415 290
13 46 402 281
13 47 268 187
13 48 346 242
13 49 560 392
14 0 351 245
14 1 165 115
14 2 369 258
14 3 172 120
14 4 90 62
14 5 122 85
14 6 83 58
14 7 91 63
14 8 130 91
14 9 377 263
14 10 40 28
14 11 43 30
14 12 174 121
14 13 273 191
14 14 0 0
14 15 321 224
14 16 272 190
14 17 178 124
14 18 296 207
14 19 292 204
14 20 114 79
14 21 452 316
14 22 290 203
14 23 1 0
14 24 28 19
14 25 332 232
14 26 188 131
14 27 231 161
14 28 423 296
14 29 230 161
14 30 299 209
14 31 270 189
14 32 279 195
14 33 236 165
14 34 396 277
14 35 463 324
14 36 31 21
14 37 245 171
14 38 190 133
14 39 388 271
14 40 68 47
14 41 91 63
14 42 197 137
14 43 399 279
14 44 272 190
14 45 204 142
14 46 191 133
14 47 55 38
14 48 255 178
14 49 469 328
15 0 490 343
15 1 156 109
15 2 48 33
15 3 230 161
15 4 133 93
15 5 261 182
15 6 342 239
15 7 134 93
15 8 389 272
15 9 435 304
15 10 299 209
15 11 364 254
15 12 147 102
15 13 412 288
15 14 321 224
15 15 0 0
15 16 133 93
15 17 118 82
15 18 354 247
15 19 551 385
15 20 253 177
15 21 510 357
15 22 151 105
15 23 320 224
15 24 349 244
15 25 390 273
15 26 246 172
15 27 168 117
15 28 102 71
15 29 91 63
15 30 272 190
15 31 165 115
15 32 418 292
15 33 85 59
15 34 454 317
15 35 142 99
15 36 290 203
15 37 218 152
15 38 248 173
15 39 249 174
15 40 327 228
15 41 230 161
15 42 336 235
15 43 457 319
15 44 330 230
15 45 463 324
15 46 450 315
15 47 235 164
15 48 228 159
15 49 330 230
16 0 441 308
16 1 107 74
16 2 181 126
16 3 181 126
16 4 266 186
16 5 212 148
16 6 293 205
16 7 267 186
16 8 340 237
16 9 386 270
16 10 250 175
16 11 315 220
16 12 98 68
16 13 363 254
16 14 272 190
16 15 133 93
16 16 0 0
16 17 69 48
16 18 305 213
16 19 119 83
16 20 204 142
16 21 461 322
16 22 18 12
16 23 271 189
16 24 300 210
16 25 341 238
16 26 197 137
16 27 240 168
16 28 235 164
16 29 42 29
16 30 223 156
16 31 116 81
16 32 369 258
16 33 48 33
16 34 405 283
16 35 73 51
16 36 241 168
16 37 169 118
16 38 199 139
16 39 116 81
16 40 278 194
16 41 181 126
16 42 287 200
16 43 408 285
16 44 281 196
16 45 31 21
16 46 18 12
16 47 186 130
16 48 179 125
16 49 197 137
17 0 347 242
17 1 13 9
17 2 166 116
17 3 87 60
17 4 251 175
17 5 118 82
17 6 199 139
17 7 252 176
17 8 246 172
17 9 292 204
17 10 156 109
17 11 221 154
17 12 4 2
17 13 269 188
17 14 178 124
17 15 118 82
17 16 69 48
17 17 0 0
17 18 211 147
17 19 408 285
17 20 110 77
17 21 367 256
17 22 87 60
17 23 177 123
17 24 206 144
17 25 247 172
17 26 103 72
17 27 146 102
17 28 220 154
17 29 27 18
17 30 129 90
17 31 100 70
17 32 275 192
17 33 33 23
17 34 311 217
17 35 260 182
17 36 147 102
17 37 75 52
17 38 105 73
17 39 185 129
17 40 184 128
17 41 87 60
17 42 193 135
17 43 314 219
17 44 187 130
17 45 320 224
17 46 307 214
17 47 92 64
17 48 85 59
17 49 266 186
18 0 465 325
18 1 216 151
18 2 402 281
18 3 124 86
18 4 487 340
18 5 39 27
18 6 317 221
18 7 488 341
18 8 207 144
18 9 129 90
18 10 274 191
18 11 67 46
18 12 207 144
18 13 387 270
18 14 296 207
18 15 354 247
18 16 305 213
18 17 211 147
18 18 0 0
18 19 369 258
18 20 228 159
18 21 204 142
18 22 323 226
18 23 295 206
18 24 324 226
18 25 84 58
18 26 108 75
18 27 151 105
18 28 456 319
18 29 263 184
18 30 332 232
18 31 303 212
18 32 393 275
18 33 269 188
18 34 100 70
18 35 496 347
18 36 265 185
18 37 278 194
18 38 106 74
18 39 421 294
18 40 183 128
18 41 205 143
18 42 311 217
18 43 151 105
18 44 24 16
18 45 281 196
18 46 268 187
18 47 77 53
18 48 7 4
18 49 502 351
19 0 581 406
19 1 395 276
19 2 599 419
19 3 402 281
19 4 684 478
19 5 352 246
19 6 313 219
19 7 685 479
19 8 162 113
19 9 78 54
19 10 270 189
19 11 335 234
19 12 404 282
19 13 503 352
19 14 292 204
19 15 551 385
19 16 119 83
19 17 408 285
19 18 369 258
19 19 0 0
19 20 344 240
19 21 153 107
19 22 137 95
19 23 291 203
19 24 320 224
19 25 33 23
19 26 261 182
19 27 304 212
19 28 192 134
19 29 460 322
19 30 529 370
19 31 500 350
19 32 509 356
19 33 466 326
19 34 469 328
19 35 232 162
19 36 261 182
19 37 475 332
19 38 263 184
19 39 235 164
19 40 298 208
19 41 321 224
19 42 427 298
19 43 100 70
19 44 345 241
19 45 88 61
19 46 101 70
19 47 407 284
19 48 485 339
19 49 316 221
20 0 237 165
20 1 97 67
20 2 301 210
20 3 104 72
20 4 386 270
20 5 10 7
20 6 135 94
20 7 387 270
20 8 182 127
20 9 309 216
20 10 92 64
20 11 157 109
20 12 106 74
20 13 159 111
20 14 114 79
20 15 253 177
20 16 204 142
20 17 110 77
20 18 228 159
20 19 344 240
20 20 0 0
20 21 384 268
20 22 222 155
20 23 113 79
20 24 142 99
20 25 264 184
20 26 120 84
20 27 34 23
20 28 355 248
20 29 162 113
20 30 231 161
20 31 202 141
20 32 165 115
20 33 168 117
20 34 328 229
20 35 395 276
20 36 83 58
20 37 177 123
20 38 122 85
20 39 320 224
20 40 120 84
20 41 23 16
20 42 83 58
20 43 331 231
20 44 204 142
20 45 256 179
20 46 243 170
20 47 109 76
20 48 187 130
20 49 401 280
21 0 621 434
21 1 372 260
21 2 558 390
21 3 280 196
21 4 129 90
21 5 195 136
21 6 473 331
21 7 130 91
21 8 363 254
21 9 165 115
21 10 430 301
21 11 495 346
21 12 363 254
21 13 543 380
21 14 452 316
21 15 510 357
21 16 461 322
21 17 367 256
21 18 204 142
21 19 153 107
21 20 384 268
21 21 0 0
21 22 479 335
21 23 451 315
21 24 480 336
21 25 120 84
21 26 264 184
21 27 152 106
21 28 612 428
21 29 419 293
21 30 488 341
21 31 459 321
21 32 549 384
21 33 425 297
21 34 304 212
21 35 652 456
21 36 421 294
21 37 434 303
21 38 262 183
21 39 577 403
21 40 339 237
21 41 361 252
21 42 467 326
21 43 53 37
21 44 180 125
21 45 437 305
21 46 424 296
21 47 233 163
21 48 18 12
21 49 658 460
22 0 459 321
22 1 125 87
22 2 199 139
22 3 199 139
22 4 284 198
22 5 230 161
22 6 311 217
22 7 285 199
22 8 358 250
22 9 404 282
22 10 268 187
22 11 333 233
22 12 116 81
22 13 381 266
22 14 290 203
22 15 151 105
22 16 18 12
22 17 87 60
22 18 323 226
22 19 137 95
22 20 222 155
22 21 479 335
22 22 0 0
22 23 289 202
22 24 318 222
22 25 359 251
22 26 215 150
22 27 258 180
22 28 253 177
22 29 60 42
22 30 241 168
22 31 134 93
22 32 387 270
22 33 66 46
22 34 423 296
22 35 91 63
22 36 259 181
22 37 187 130
22 38 217 151
22 39 98 68
22 40 296 207
22 41 199 139
22 42 305 213
22 43 426 298
22 44 299 209
22 45 49 34
22 46 36 25
22 47 204 142
22 48 197 137
22 49 179 125
23 0 350 244
23 1 164 114
23 2 368 257
23 3 171 119
23 4 453 317
23 5 121 84
23 6 82 57
23 7 454 317
23 8 129 90
23 9 376 263
23 10 39 27
23 11 44 30
23 12 173 121
23 13 272 190
23 14 1 0
23 15 320 224
23 16 271 189
23 17 177 123
23 18 295 206
23 19 291 203
23 20 113 79
23 21 451 315
23 22 289 202
23 23 0 0
23 24 29 20
23 25 331 231
23 26 187 130
23 27 230 161
23 28 422 295
23 29 229 160
23 30 298 208
23 31 269 188
23 32 278 194
23 33 235 164
23 34 395 276
23 35 462 323
23 36 30 21
23 37 244 170
23 38 189 132
23 39 387 270
23 40 67 46
23 41 90 62
23 42 196 137
23 43 398 278
23 44 271 189
23 45 203 142
23 46 190 133
23 47 176 123
23 48 254 177
23 49 468 327
24 0 379 265
24 1 193 135
24 2 397 277
24 3 200 140
24 4 118 82
24 5 150 105
24 6 26 18
24 7 119 83
24 8 158 110
24 9 405 283
24 10 68 47
24 11 71 49
24 12 202 141
24 13 301 210
24 14 28 19
24 15 349 244
24 16 300 210
24 17 206 144
24 18 324 226
24 19 320 224
24 20 142 99
24 21 480 336
24 22 318 222
24 23 29 20
24 24 0 0
24 25 360 251
24 26 216 151
24 27 259 181
24 28 451 315
24 29 258 180
24 30 327 228
24 31 298 208
24 32 307 214
24 33 264 184
24 34 72 50
24 35 491 343
24 36 59 41
24 37 273 191
24 38 218 152
24 39 416 291
24 40 96 67
24 41 119 83
24 42 225 157
24 43 427 298
24 44 300 210
24 45 232 162
24 46 219 153
24 47 83 58
24 48 283 198
24 49 497 347
25 0 501 350
25 1 252 176
25 2 438 306
25 3 160 112
25 4 523 366
25 5 75 52
25 6 353 247
25 7 524 366
25 8 243 170
25 9 45 31
25 10 310 217
25 11 375 262
25 12 243 170
25 13 423 296
25 14 332 232
25 15 390 273
25 16 341 238
25 17 247 172
25 18 84 58
25 19 33 23
25 20 264 184
25 21 120 84
25 22 359 251
25 23 331 231
25 24 360 251
25 25 0 0
25 26 144 100
25 27 187 130
25 28 492 344
25 29 299 209
25 30 368 257
25 31 339 237
25 32 429 300
25 33 305 213
25 34 184 128
25 35 532 372
25 36 301 210
25 37 314 219
25 38 142 99
25 39 457 319
25 40 219 153
25 41 241 168
25 42 347 242
25 43 67 46
25 44 60 42
25 45 317 221
25 46 304 212
25 47 113 79
25 48 207 144
25 49 538 376
26 0 357 249
26 1 108 75
26 2 294 205
26 3 16 11
26 4 379 265
26 5 28 19
26 6 209 146
26 7 380 266
26 8 99 69
26 9 189 132
26 10 166 116
26 11 231 161
26 12 99 69
26 13 279 195
26 14 188 131
26 15 246 172
26 16 197 137
26 17 103 72
26 18 108 75
26 19 261 182
26 20 120 84
26 21 264 184
26 22 215 150
26 23 187 130
26 24 216 151
26 25 144 100
26 26 0 0
26 27 43 30
26 28 348 243
26 29 155 108
26 30 224 156
26 31 195 136
26 32 285 199
26 33 161 112
26 34 208 145
26 35 388 271
26 36 157 109
26 37 170 118
26 38 2 1
26 39 313 219
26 40 75 52
26 41 97 67
26 42 203 142
26 43 211 147
26 44 84 58
26 45 173 121
26 46 160 112
26 47 96 67
26 48 63 44
26 49 394 275
27 0 271 189
27 1 151 105
27 2 216 151
27 3 59 41
27 4 301 210
27 5 71 49
27 6 252 176
27 7 302 211
27 8 142 99
27 9 67 46
27 10 209 146
27 11 274 191
27 12 142 99
27 13 193 135
27 14 231 161
27 15 168 117
27 16 240 168
27 17 146 102
27 18 151 105
27 19 304 212
27 20 34 23
27 21 152 106
27 22 258 180
27 23 230 161
27 24 259 181
27 25 187 130
27 26 43 30
27 27 0 0
27 28 270 189
27 29 198 138
27 30 40 28
27 31 238 166
27 32 199 139
27 33 83 58
27 34 251 175
27 35 310 217
27 36 200 140
27 37 213 149
27 38 45 31
27 39 356 249
27 40 118 82
27 41 140 98
27 42 117 81
27 43 99 69
27 44 127 88
27 45 216 151
27 46 203 142
27 47 139 97
27 48 106 74
27 49 437 305
28 0 592 414
28 1 258 180
28 2 54 37
28 3 332 232
28 4 139 97
28 5 363 254
28 6 444 310
28 7 140 98
28 8 30 21
28 9 537 375
28 10 401 280
28 11 466 326
28 12 249 174
28 13 514 359
28 14 423 296
28 15 102 71
28 16 235 164
28 17 220 154
28 18 456 319
28 19 192 134
28 20 355 248
28 21 612 428
28 22 253 177
28 23 422 295
28 24 451 315
28 25 492 344
28 26 348 243
28 27 270 189
28 28 0 0
28 29 193 135
28 30 374 261
28 31 267 186
28 32 520 364
28 33 187 130
28 34 556 389
28 35 40 28
28 36 392 274
28 37 320 224
28 38 350 244
28 39 351 245
28 40 429 300
28 41 332 232
28 42 438 306
28 43 559 391
28 44 432 302
28 45 104 72
28 46 91 63
28 47 337 235
28 48 330 230
28 49 432 302
29 0 399 279
29 1 65 45
29 2 139 97
29 3 139 97
29 4 224 156
29 5 170 118
29 6 251 175
29 7 225 157
29 8 298 208
29 9 344 240
29 10 208 145
29 11 273 191
29 12 56 39
29 13 321 224
29 14 230 161
29 15 91 63
29 16 42 29
29 17 27 18
29 18 263 184
29 19 460 322
29 20 162 113
29 21 419 293
29 22 60 42
29 23 229 160
29 24 258 180
29 25 299 209
29 26 155 108
29 27 198 138
29 28 193 135
29 29 0 0
29 30 181 126
29 31 74 51
29 32 327 228
29 33 6 4
29 34 363 254
29 35 233 163
29 36 199 139
29 37 127 88
29 38 157 109
29 39 158 110
29 40 236 165
29 41 139 97
29 42 245 171
29 43 366 256
29 44 239 167
29 45 372 260
29 46 359 251
29 47 144 100
29 48 137 95
29 49 239 167
30 0 137 95
30 1 134 93
30 2 320 224
30 3 208 145
30 4 405 283
30 5 239 167
30 6 320 224
30 7 38 26
30 8 367 256
30 9 413 289
30 10 277 193
30 11 342 239
30 12 125 87
30 13 390 273
30 14 299 209
30 15 272 190
30 16 223 156
30 17 129 90
30 18 332 232
30 19 529 370
30 20 231 161
30 21 488 341
30 22 241 168
30 23 298 208
30 24 327 228
30 25 368 257
30 26 224 156
30 27 40 28
30 28 374 261
30 29 181 126
30 30 0 0
30 31 58 40
30 32 396 277
30 33 187 130
30 34 432 302
30 35 414 289
30 36 268 187
30 37 54 37
30 38 226 158
30 39 339 237
30 40 305 213
30 41 208 145
30 42 314 219
30 43 435 304
30 44 308 215
30 45 441 308
30 46 428 299
30 47 213 149
30 48 206 144
30 49 420 294
31 0 108 75
31 1 105 73
31 2 213 149
31 3 179 125
31 4 298 208
31 5 210 147
31 6 291 203
31 7 299 209
31 8 338 236
31 9 384 268
31 10 248 173
31 11 313 219
31 12 96 67
31 13 361 252
31 14 270 189
31 15 165 115
31 16 116 81
31 17 100 70
31 18 303 212
31 19 500 350
31 20 202 141
31 21 459 321
31 22 134 93
31 23 269 188
31 24 298 208
31 25 339 237
31 26 195 136
31 27 238 166
31 28 267 186
31 29 74 51
31 30 58 40
31 31 0 0
31 32 367 256
31 33 80 56
31 34 403 282
31 35 307 214
31 36 239 167
31 37 25 17
31 38 197 137
31 39 232 162
31 40 276 193
31 41 179 125
31 42 285 199
31 43 406 284
31 44 279 195
31 45 412 288
31 46 399 279
31 47 184 128
31 48 177 123
31 49 313 219
32 0 5 3
32 1 262 183
32 2 466 326
32 3 269 188
32 4 551 385
32 5 175 122
32 6 300 210
32 7 552 386
32 8 347 242
32 9 474 331
32 10 257 179
32 11 322 225
32 12 271 189
32 13 6 4
32 14 279 195
32 15 418 292
32 16 369 258
32 17 275 192
32 18 393 275
32 19 509 356
32 20 165 115
32 21 549 384
32 22 387 270
32 23 278 194
32 24 307 214
32 25 429 300
32 26 285 199
32 27 199 139
32 28 520 364
32 29 327 228
32 30 396 277
32 31 367 256
32 32 0 0
32 33 333 233
32 34 493 345
32 35 560 392
32 36 248 173
32 37 342 239
32 38 287 200
32 39 485 339
32 40 285 199
32 41 188 131
32 42 82 57
32 43 496 347
32 44 369 258
32 45 421 294
32 46 408 285
32 47 274 191
32 48 352 246
32 49 566 396
33 0 405 283
33 1 71 49
33 2 133 93
33 3 145 101
33 4 218 152
33 5 176 123
33 6 257 179
33 7 219 153
33 8 304 212
33 9 350 244
33 10 214 149
33 11 279 195
33 12 62 43
33 13 327 228
33 14 236 165
33 15 85 59
33 16 48 33
33 17 33 23
33 18 269 188
33 19 466 326
33 20 168 117
33 21 425 297
33 22 66 46
33 23 235 164
33 24 264 184
33 25 305 213
33 26 161 112
33 27 83 58
33 28 187 130
33 29 6 4
33 30 187 130
33 31 80 56
33 32 333 233
33 33 0 0
33 34 369 258
33 35 227 158
33 36 205 143
33 37 133 93
33 38 163 114
33 39 164 114
33 40 242 169
33 41 145 101
33 42 251 175
33 43 372 260
33 44 245 171
33 45 378 264
33 46 365 255
33 47 150 105
33 48 143 100
33 49 245 171
34 0 565 395
34 1 316 221
34 2 502 351
34 3 224 156
34 4 587 410
34 5 139 97
34 6 417 291
34 7 588 411
34 8 307 214
34 9 229 160
34 10 374 261
34 11 167 116
34 12 307 214
34 13 487 340
34 14 396 277
34 15 454 317
34 16 405 283
34 17 311 217
34 18 100 70
34 19 469 328
34 20 328 229
34 21 304 212
34 22 423 296
34 23 395 276
34 24 72 50
34 25 184 128
34 26 208 145
34 27 251 175
34 28 556 389
34 29 363 254
34 30 432 302
34 31 403 282
34 32 493 345
34 33 369 258
34 34 0 0
34 35 596 417
34 36 365 255
34 37 378 264
34 38 206 144
34 39 521 364
34 40 283 198
34 41 305 213
34 42 411 287
34 43 251 175
34 44 124 86
34 45 381 266
34 46 368 257
34 47 177 123
34 48 107 74
34 49 602 421
35 0 632 442
35 1 298 208
35 2 94 65
35 3 372 260
35 4 179 125
35 5 403 282
35 6 63 44
35 7 180 125
35 8 70 49
35 9 577 403
35 10 441 308
35 11 506 354
35 12 289 202
35 13 554 387
35 14 463 324
35 15 142 99
35 16 73 51
35 17 260 182
35 18 496 347
35 19 232 162
35 20 395 276
35 21 652 456
35 22 91 63
35 23 462 323
35 24 491 343
35 25 532 372
35 26 388 271
35 27 310 217
35 28 40 28
35 29 233 163
35 30 414 289
35 31 307 214
35 32 560 392
35 33 227 158
35 34 596 417
35 35 0 0
35 36 432 302
35 37 360 251
35 38 390 273
35 39 189 132
35 40 469 328
35 41 372 260
35 42 478 334
35 43 599 419
35 44 472 330
35 45 144 100
35 46 131 91
35 47 377 263
35 48 370 259
35 49 270 189
36 0 320 224
36 1 134 93
36 2 338 236
36 3 141 98
36 4 423 296
36 5 91 63
36 6 52 36
36 7 424 296
36 8 99 69
36 9 346 242
36 10 9 6
36 11 74 51
36 12 143 100
36 13 242 169
36 14 31 21
36 15 290 203
36 16 241 168
36 17 147 102
36 18 265 185
36 19 261 182
36 20 83 58
36 21 421 294
36 22 259 181
36 23 30 21
36 24 59 41
36 25 301 210
36 26 157 109
36 27 200 140
36 28 392 274
36 29 199 139
36 30 268 187
36 31 239 167
36 32 248 173
36 33 205 143
36 34 365 255
36 35 432 302
36 36 0 0
36 37 214 149
36 38 159 111
36 39 357 249
36 40 37 25
36 41 60 42
36 42 166 116
36 43 368 257
36 44 241 168
36 45 173 121
36 46 160 112
36 47 146 102
36 48 224 156
36 49 438 306
37 0 83 58
37 1 80 56
37 2 266 186
37 3 154 107
37 4 351 245
37 5 185 129
37 6 266 186
37 7 352 246
37 8 313 219
37 9 359 251
37 10 223 156
37 11 288 201
37 12 71 49
37 13 336 235
37 14 245 171
37 15 218 152
37 16 169 118
37 17 75 52
37 18 278 194
37 19 475 332
37 20 177 123
37 21 434 303
37 22 187 130
37 23 244 170
37 24 273 191
37 25 314 219
37 26 170 118
37 27 213 149
37 28 320 224
37 29 127 88
37 30 54 37
37 31 25 17
37 32 342 239
37 33 133 93
37 34 378 264
37 35 360 251
37 36 214 149
37 37 0 0
37 38 172 120
37 39 285 199
37 40 251 175
37 41 154 107
37 42 260 182
37 43 381 266
37 44 254 177
37 45 387 270
37 46 374 261
37 47 159 111
37 48 152 106
37 49 366 256
38 0 359 251
38 1 110 77
38 2 296 207
38 3 18 12
38 4 381 266
38 5 30 21
38 6 211 147
38 7 382 267
38 8 101 70
38 9 187 130
38 10 168 117
38 11 233 163
38 12 101 70
38 13 281 196
38 14 190 133
38 15 248 173
38 16 199 139
38 17 105 73
38 18 106 74
38 19 263 184
38 20 122 85
38 21 262 183
38 22 217 151
38 23 189 132
38 24 218 152
38 25 142 99
38 26 2 1
38 27 45 31
38 28 350 244
38 29 157 109
38 30 226 158
38 31 197 137
38 32 287 200
38 33 163 114
38 34 206 144
38 35 390 273
38 36 159 111
38 37 172 120
38 38 0 0
38 39 315 220
38 40 77 53
38 41 99 69
38 42 205 143
38 43 209 146
38 44 82 57
38 45 175 122
38 46 162 113
38 47 98 68
38 48 65 45
38 49 396 277
39 0 557 389
39 1 223 156
39 2 297 207
39 3 297 207
39 4 382 267
39 5 328 229
39 6 409 286
39 7 383 268
39 8 456 319
39 9 502 351
39 10 366 256
39 11 431 301
39 12 214 149
39 13 479 335
39 14 388 271
39 15 249 174
39 16 116 81
39 17 185 129
39 18 421 294
39 19 235 164
39 20 320 224
39 21 577 403
39 22 98 68
39 23 387 270
39 24 416 291
39 25 457 319
39 26 313 219
39 27 356 249
39 28 351 245
39 29 158 110
39 30 339 237
39 31 232 162
39 32 485 339
39 33 164 114
39 34 521 364
39 35 189 132
39 36 357 249
39 37 285 199
39 38 315 220
39 39 0 0
39 40 394 275
39 41 297 207
39 42 403 282
39 43 524 366
39 44 397 277
39 45 147 102
39 46 134 93
39 47 302 211
39 48 295 206
39 49 81 56
40 0 357 249
40 1 171 119
40 2 375 262
40 3 59 41
40 4 460 322
40 5 128 89
40 6 89 62
40 7 461 322
40 8 136 95
40 9 264 184
40 10 49 34
40 11 111 77
40 12 180 125
40 13 279 195
40 14 68 47
40 15 327 228
40 16 278 194
40 17 184 128
40 18 183 128
40 19 298 208
40 20 120 84
40 21 339 237
40 22 296 207
40 23 67 46
40 24 96 67
40 25 219 153
40 26 75 52
40 27 118 82
40 28 429 300
40 29 236 165
40 30 305 213
40 31 276 193
40 32 285 199
40 33 242 169
40 34 283 198
40 35 469 328
40 36 37 25
40 37 251 175
40 38 77 53
40 39 394 275
40 40 0 0
40 41 97 67
40 42 203 142
40 43 286 200
40 44 159 111
40 45 210 147
40 46 197 137
40 47 64 44
40 48 261 182
40 49 475 332
41 0 260 182
41 1 74 51
41 2 278 194
41 3 81 56
41 4 363 254
41 5 31 21
41 6 112 78
41 7 364 254
41 8 159 111
41 9 286 200
41 10 69 48
41 11 134 93
41 12 83 58
41 13 182 127
41 14 91 63
41 15 230 161
41 16 181 126
41 17 87 60
41 18 205 143
41 19 321 224
41 20 23 16
41 21 361 252
41 22 199 139
41 23 90 62
41 24 119 83
41 25 241 168
41 26 97 67
41 27 140 98
41 28 332 232
41 29 139 97
41 30 208 145
41 31 179 125
41 32 188 131
41 33 145 101
41 34 305 213
41 35 372 260
41 36 60 42
41 37 154 107
41 38 99 69
41 39 297 207
41 40 97 67
41 41 0 0
41 42 106 74
41 43 308 215
41 44 181 126
41 45 233 163
41 46 220 154
41 47 86 60
41 48 164 114
41 49 378 264
42 0 154 107
42 1 180 125
42 2 384 268
42 3 187 130
42 4 469 328
42 5 93 65
42 6 218 152
42 7 470 329
42 8 265 185
42 9 392 274
42 10 175 122
42 11 240 168
42 12 189 132
42 13 76 53
42 14 197 137
42 15 336 235
42 16 287 200
42 17 193 135
42 18 311 217
42 19 427 298
42 20 83 58
42 21 467 326
42 22 305 213
42 23 196 137
42 24 225 157
42 25 347 242
42 26 203 142
42 27 117 81
42 28 438 306
42 29 245 171
42 30 314 219
42 31 285 199
42 32 82 57
42 33 251 175
42 34 411 287
42 35 478 334
42 36 166 116
42 37 260 182
42 38 205 143
42 39 403 282
42 40 203 142
42 41 106 74
42 42 0 0
42 43 414 289
42 44 287 200
42 45 339 237
42 46 326 228
42 47 192 134
42 48 270 189
42 49 484 338
43 0 568 397
43 1 319 223
43 2 505 353
43 3 227 158
43 4 76 53
43 5 142 99
43 6 420 294
43 7 77 53
43 8 310 217
43 9 112 78
43 10 377 263
43 11 442 309
43 12 310 217
43 13 490 343
43 14 399 279
43 15 457 319
43 16 408 285
43 17 314 219
43 18 151 105
43 19 100 70
43 20 331 231
43 21 53 37
43 22 426 298
43 23 398 278
43 24 427 298
43 25 67 46
43 26 211 147
43 27 99 69
43 28 559 391
43 29 366 256
43 30 435 304
43 31 406 284
43 32 496 347
43 33 372 260
43 34 251 175
43 35 599 419
43 36 368 257
43 37 381 266
43 38 209 146
43 39 524 366
43 40 286 200
43 41 308 215
43 42 414 289
43 43 0 0
43 44 127 88
43 45 384 268
43 46 371 259
43 47 180 125
43 48 274 191
43 49 605 423
44 0 441 308
44 1 192 134
44 2 378 264
44 3 100 70
44 4 463 324
44 5 15 10
44 6 293 205
44 7 464 324
44 8 183 128
44 9 105 73
44 10 250 175
44 11 315 220
44 12 183 128
44 13 363 254
44 14 272 190
44 15 330 230
44 16 281 196
44 17 187 130
44 18 24 16
44 19 345 241
44 20 204 142
44 21 180 125
44 22 299 209
44 23 271 189
44 24 300 210
44 25 60 42
44 26 84 58
44 27 127 88
44 28 432 302
44 29 239 167
44 30 308 215
44 31 279 195
44 32 369 258
44 33 245 171
44 34 124 86
44 35 472 330
44 36 241 168
44 37 254 177
44 38 82 57
44 39 397 277
44 40 159 111
44 41 181 126
44 42 287 200
44 43 127 88
44 44 0 0
44 45 257 179
44 46 244 170
44 47 53 37
44 48 147 102
44 49 478 334
45 0 493 345
45 1 307 214
45 2 511 357
45 3 314 219
45 4 596 417
45 5 264 184
45 6 225 157
45 7 597 417
45 8 74 51
45 9 362 253
45 10 182 127
45 11 247 172
45 12 316 221
45 13 415 290
45 14 204 142
45 15 463 324
45 16 31 21
45 17 320 224
45 18 281 196
45 19 88 61
45 20 256 179
45 21 437 305
45 22 49 34
45 23 203 142
45 24 232 162
45 25 317 221
45 26 173 121
45 27 216 151
45 28 104 72
45 29 372 260
45 30 441 308
45 31 412 288
45 32 421 294
45 33 378 264
45 34 381 266
45 35 144 100
45 36 173 121
45 37 387 270
45 38 175 122
45 39 147 102
45 40 210 147
45 41 233 163
45 42 339 237
45 43 384 268
45 44 257 179
45 45 0 0
45 46 13 9
45 47 319 223
45 48 397 277
45 49 228 159
46 0 480 336
46 1 294 205
46 2 498 348
46 3 301 210
46 4 583 408
46 5 251 175
46 6 212 148
46 7 584 408
46 8 61 42
46 9 349 244
46 10 169 118
46 11 234 163
46 12 303 212
46 13 402 281
46 14 191 133
46 15 450 315
46 16 18 12
46 17 307 214
46 18 268 187
46 19 101 70
46 20 243 170
46 21 424 296
46 22 36 25
46 23 190 133
46 24 219 153
46 25 304 212
46 26 160 112
46 27 203 142
46 28 91 63
46 29 359 251
46 30 428 299
46 31 399 279
46 32 408 285
46 33 365 255
46 34 368 257
46 35 131 91
46 36 160 112
46 37 374 261
46 38 162 113
46 39 134 93
46 40 197 137
46 41 220 154
46 42 326 228
46 43 371 259
46 44 244 170
46 45 13 9
46 46 0 0
46 47 306 214
46 48 384 268
46 49 215 150
47 0 346 242
47 1 97 67
47 2 283 198
47 3 5 3
47 4 368 257
47 5 17 11
47 6 198 138
47 7 369 258
47 8 245 171
47 9 158 110
47 10 155 108
47 11 98 68
47 12 88 61
47 13 268 187
47 14 55 38
47 15 235 164
47 16 186 130
47 17 92 64
47 18 77 53
47 19 407 284
47 20 109 76
47 21 233 163
47 22 204 142
47 23 176 123
47 24 83 58
47 25 113 79
47 26 96 67
47 27 139 97
47 28 337 235
47 29 144 100
47 30 213 149
47 31 184 128
47 32 274 191
47 33 150 105
47 34 177 123
47 35 377 263
47 36 146 102
47 37 159 111
47 38 98 68
47 39 302 211
47 40 64 44
47 41 86 60
47 42 192 134
47 43 180 125
47 44 53 37
47 45 319 223
47 46 306 214
47 47 0 0
47 48 86 60
47 49 383 268
48 0 424 296
48 1 90 62
48 2 276 193
48 3 164 114
48 4 361 252
48 5 195 136
48 6 276 193
48 7 362 253
48 8 323 226
48 9 252 176
48 10 233 163
48 11 100 70
48 12 81 56
48 13 346 242
48 14 255 178
48 15 228 159
48 16 179 125
48 17 85 59
48 18 7 4
48 19 485 339
48 20 187 130
48 21 18 12
48 22 197 137
48 23 254 177
48 24 283 198
48 25 207 144
48 26 63 44
48 27 106 74
48 28 330 230
48 29 137 95
48 30 206 144
48 31 177 123
48 32 352 246
48 33 143 100
48 34 107 74
48 35 370 259
48 36 224 156
48 37 152 106
48 38 65 45
48 39 295 206
48 40 261 182
48 41 164 114
48 42 270 189
48 43 274 191
48 44 147 102
48 45 397 277
48 46 384 268
48 47 86 60
48 48 0 0
48 49 376 263
49 0 638 446
49 1 304 212
49 2 378 264
49 3 378 264
49 4 82 57
49 5 409 286
49 6 490 343
49 7 83 58
49 8 537 375
49 9 583 408
49 10 447 312
49 11 512 358
49 12 295 206
49 13 560 392
49 14 469 328
49 15 330 230
49 16 197 137
49 17 266 186
49 18 502 351
49 19 316 221
49 20 401 280
49 21 658 460
49 22 179 125
49 23 468 327
49 24 497 347
49 25 538 376
49 26 394 275
49 27 437 305
49 28 432 302
49 29 239 167
49 30 420 294
49 31 313 219
49 32 566 396
49 33 245 171
49 34 602 421
49 35 270 189
49 36 438 306
49 37 366 256
49 38 396 277
49 39 81 56
49 40 475 332
49 41 378 264
49 42 484 338
49 43 605 423
49 44 478 334
49 45 228 159
49 46 215 150
49 47 383 268
49 48 376 263
49 49 0 0
